Rank,Pokemon,Usage %,Raw,Raw %,Real,Real %
1,Incineroar,36.64832,40424,25.945,34570,27.869
2,Slowbro,29.82124,24096,15.466,19429,15.663
3,Steelix,27.80649,25229,16.193,22129,17.839
4,Passimian,26.80953,16299,10.461,13014,10.491
5,Diancie,23.09230,17648,11.327,14944,12.047
6,Braviary,16.64865,15862,10.181,12039,9.705
7,Silvally-Steel,14.71349,10124,6.498,8504,6.855
8,Rotom,14.47319,11199,7.188,9423,7.596
9,Sneasel,14.12185,11958,7.675,9069,7.311
10,Palossand,13.68178,12154,7.801,10369,8.359
11,Decidueye,13.01650,12935,8.302,10452,8.426
12,Whimsicott,12.97239,18700,12.002,15044,12.128
13,Xatu,12.41561,16394,10.522,13277,10.703
14,Heliolisk,12.12276,21263,13.647,16913,13.634
15,Hariyama,9.96920,11228,7.206,9218,7.431
16,Comfey,9.76184,13688,8.785,10440,8.416
17,Vanilluxe,9.64828,9258,5.942,7355,5.929
18,Garbodor,9.28593,9851,6.323,8355,6.735
19,Blastoise,9.21154,14875,9.547,12103,9.757
20,Audino-Mega,8.71396,14227,9.131,10765,8.678
21,Vaporeon,8.39695,14775,9.483,11806,9.517
22,Dhelmise,8.27410,8022,5.149,6760,5.450
23,Golbat,8.19223,12212,7.838,9935,8.009
24,Vileplume,8.08392,12311,7.902,10030,8.086
25,Ferroseed,7.74215,6728,4.318,5980,4.821
26,Aerodactyl,7.73004,8187,5.255,6647,5.358
27,Slowking,7.68567,10086,6.474,7992,6.443
28,Klinklang,7.46546,12540,8.049,9615,7.751
29,Hitmonlee,6.88891,14720,9.448,10949,8.827
30,Sceptile,6.71826,12542,8.050,9393,7.572
31,Medicham,6.48154,11845,7.603,9047,7.293
32,Vikavolt,6.43931,12734,8.173,9959,8.028
33,Delphox,6.20028,15249,9.787,11428,9.213
34,Rhydon,6.06247,11621,7.459,9559,7.706
35,Cryogonal,6.02607,8655,5.555,6663,5.371
36,Druddigon,6.02202,13121,8.421,11436,9.219
37,Scrafty,5.34982,13339,8.561,10216,8.236
38,Sigilyph,5.14881,9412,6.041,7172,5.782
39,Guzzlord,4.83625,7004,4.495,5477,4.415
40,Magmortar,4.29750,4139,2.657,3147,2.537
41,Miltank,4.23455,10282,6.599,8343,6.726
42,Mismagius,4.08368,10969,7.040,8163,6.581
43,Sandslash-Alola,4.01146,1954,1.254,1600,1.290
44,Piloswine,3.91750,7586,4.869,6582,5.306
45,Hoopa,3.79343,3231,2.074,2504,2.019
46,Torterra,3.69746,5370,3.447,4439,3.578
47,Houndoom,3.68949,8999,5.776,6854,5.525
48,Dodrio,3.49191,6662,4.276,4803,3.872
49,Quagsire,3.38745,6063,3.891,4869,3.925
50,Clawitzer,3.17838,12313,7.903,9595,7.735
51,Uxie,2.97785,8807,5.653,7633,6.153
52,Omastar,2.85931,4802,3.082,3795,3.059
53,Kingler,2.82472,1675,1.075,1308,1.054
54,Malamar,2.77998,10178,6.533,8036,6.478
55,Gallade,2.77693,4421,2.838,3413,2.751
56,Vivillon,2.60578,7943,5.098,5833,4.702
57,Toxicroak,2.52028,5331,3.422,4094,3.300
58,Accelgor,2.46290,11603,7.447,9222,7.434
59,Togedemaru,2.39913,1363,0.875,1150,0.927
60,Jellicent,2.22928,9234,5.927,7302,5.887
61,Hitmontop,2.21161,10011,6.425,8136,6.559
62,Articuno,2.19609,1043,0.669,790,0.637
63,Minior,2.07040,11497,7.379,8400,6.772
64,Ambipom,2.01133,17821,11.438,14508,11.696
65,Pyukumuku,2.00261,1425,0.915,1170,0.943
66,Exeggutor-Alola,1.95692,1777,1.141,1393,1.123
67,Qwilfish,1.84455,3512,2.254,3075,2.479
68,Type: Null,1.62126,927,0.595,711,0.573
69,Samurott,1.53165,3702,2.376,2826,2.278
70,Mesprit,1.52714,1965,1.261,1618,1.304
71,Altaria,1.52713,3233,2.075,2436,1.964
72,Froslass,1.48893,4903,3.147,4057,3.271
73,Aromatisse,1.44360,2944,1.890,2283,1.840
74,Probopass,1.40139,1590,1.021,1269,1.023
75,Marowak,1.37338,799,0.513,635,0.512
76,Archeops,1.36259,3706,2.379,2985,2.406
77,Charizard,1.35427,3496,2.244,2691,2.169
78,Spiritomb,1.35079,1437,0.922,1158,0.934
79,Scyther,1.34682,5966,3.829,4535,3.656
80,Kabutops,1.18447,1916,1.230,1589,1.281
81,Cinccino,1.16032,12888,8.272,9909,7.988
82,Gorebyss,1.09604,729,0.468,537,0.433
83,Tangela,1.07818,2054,1.318,1589,1.281
84,Weezing,1.07497,2413,1.549,2031,1.637
85,Skuntank,1.07396,1377,0.884,1115,0.899
86,Typhlosion,1.06402,5674,3.642,4243,3.420
87,Gourgeist-Super,1.06174,844,0.542,705,0.568
88,Vikavolt-Totem,1.05640,191,0.123,158,0.127
89,Ditto,0.94326,1116,0.716,841,0.678
90,Tauros,0.87611,4144,2.660,3018,2.433
91,Electrode,0.78995,1064,0.683,909,0.733
92,Granbull,0.76907,855,0.549,684,0.551
93,Turtonator,0.76045,726,0.466,578,0.466
94,Drampa,0.71872,1486,0.954,1071,0.863
95,Lycanroc,0.70566,985,0.632,832,0.671
96,Absol,0.69367,1132,0.727,836,0.674
97,Claydol,0.66674,2014,1.293,1701,1.371
98,Zangoose,0.66057,1844,1.184,1344,1.083
99,Sandslash,0.64763,2644,1.697,2238,1.804
100,Haunter,0.62844,815,0.523,624,0.503
101,Rampardos,0.61731,1041,0.668,737,0.594
102,Abomasnow,0.60608,585,0.375,469,0.378
103,Jumpluff,0.60019,494,0.317,382,0.308
104,Monferno,0.59003,223,0.143,191,0.154
105,Shuckle,0.55473,3766,2.417,3382,2.726
106,Dugtrio,0.54233,620,0.398,463,0.373
107,Sawk,0.50982,2430,1.560,1846,1.488
108,Silvally-Ghost,0.50242,341,0.219,282,0.227
109,Frogadier,0.49829,593,0.381,476,0.384
110,Aggron,0.47990,1570,1.008,1276,1.029
111,Ninjask,0.46670,582,0.374,460,0.371
112,Clefairy,0.46210,461,0.296,371,0.299
113,Exeggutor,0.46034,942,0.605,718,0.579
114,Gastrodon,0.45543,1055,0.677,872,0.703
115,Lanturn,0.45034,1881,1.207,1550,1.250
116,Arbok,0.44666,667,0.428,518,0.418
117,Crabominable,0.44631,1024,0.657,775,0.625
118,Eelektross,0.43842,1672,1.073,1365,1.100
119,Silvally-Poison,0.43330,122,0.078,98,0.079
120,Lapras,0.43126,819,0.526,627,0.505
121,Silvally-Electric,0.42558,187,0.120,164,0.132
122,Masquerain,0.41788,1341,0.861,1196,0.964
123,Electivire,0.40060,1990,1.277,1555,1.254
124,Wormadam-Trash,0.37626,318,0.204,281,0.227
125,Murkrow,0.36752,254,0.163,202,0.163
126,Liepard,0.35420,1257,0.807,1018,0.821
127,Primeape,0.34157,1288,0.827,999,0.805
128,Ludicolo,0.33247,1334,0.856,1093,0.881
129,Regice,0.33013,738,0.474,575,0.464
130,Oricorio-Pom-Pom,0.32281,69,0.044,54,0.044
131,Ursaring,0.30969,741,0.476,553,0.446
132,Victreebel,0.30899,780,0.501,628,0.506
133,Stoutland,0.30554,1681,1.079,1266,1.021
134,Hitmonchan,0.28868,1667,1.070,1283,1.034
135,Persian-Alola,0.27182,829,0.532,699,0.563
136,Regirock,0.27122,1500,0.963,1336,1.077
137,Sableye,0.25704,1197,0.768,1017,0.820
138,Simipour,0.24064,413,0.265,317,0.256
139,Jynx,0.21765,599,0.384,423,0.341
140,Slaking,0.21660,735,0.472,595,0.480
141,Swanna,0.21118,381,0.245,312,0.252
142,Aurorus,0.21037,737,0.473,605,0.488
143,Crustle,0.20700,812,0.521,695,0.560
144,Silvally-Water,0.20128,525,0.337,430,0.347
145,Hippopotas,0.20113,492,0.316,460,0.371
146,Smeargle,0.19130,738,0.474,646,0.521
147,Togetic,0.19004,433,0.278,336,0.271
148,Clamperl,0.18670,92,0.059,63,0.051
149,Lurantis,0.18356,607,0.390,476,0.384
150,Kangaskhan,0.18167,420,0.270,337,0.272
151,Cradily,0.17866,1094,0.702,902,0.727
152,Rotom-Frost,0.17654,521,0.334,435,0.351
153,Audino,0.17581,725,0.465,581,0.468
154,Muk,0.17261,1967,1.262,1501,1.210
155,Pinsir,0.17002,701,0.450,515,0.415
156,Mudsdale,0.16921,784,0.503,651,0.525
157,Kecleon,0.16857,726,0.466,604,0.487
158,Raichu-Alola,0.16738,1087,0.698,840,0.677
159,Chatot,0.16252,707,0.454,568,0.458
160,Oricorio-Sensu,0.16120,291,0.187,233,0.188
161,Golurk,0.15936,1296,0.832,1015,0.818
162,Lilligant,0.15933,816,0.524,630,0.508
163,Manectric,0.15850,1052,0.675,833,0.672
164,Pyroar,0.15695,1193,0.766,877,0.707
165,Gurdurr,0.15591,628,0.403,490,0.395
166,Vullaby,0.15449,154,0.099,134,0.108
167,Silvally-Fairy,0.15240,580,0.372,455,0.367
168,Poliwrath,0.14686,849,0.545,639,0.515
169,Throh,0.14612,794,0.510,672,0.542
170,Oricorio,0.13319,101,0.065,76,0.061
171,Cacturne,0.13102,643,0.413,517,0.417
172,Raticate-Alola,0.12738,484,0.311,380,0.306
173,Mawile,0.12174,994,0.638,858,0.692
174,Flareon,0.11258,704,0.452,516,0.416
175,Avalugg,0.11154,630,0.404,444,0.358
176,Roselia,0.11075,301,0.193,252,0.203
177,Komala,0.10754,785,0.504,616,0.497
178,Musharna,0.10706,292,0.187,214,0.173
179,Mareanie,0.10184,156,0.100,133,0.107
180,Pignite,0.09819,107,0.069,74,0.060
181,Armaldo,0.09811,688,0.442,574,0.463
182,Floatzel,0.09807,1100,0.706,855,0.689
183,Meowstic,0.09694,816,0.524,650,0.524
184,Shiftry,0.09445,613,0.393,446,0.360
185,Golem-Alola,0.09151,546,0.350,437,0.352
186,Walrein,0.08427,455,0.292,352,0.284
187,Lumineon,0.08185,128,0.082,97,0.078
188,Sawsbuck,0.07934,621,0.399,448,0.361
189,Torkoal,0.07780,674,0.433,580,0.468
190,Stunfisk,0.07774,416,0.267,355,0.286
191,Gabite,0.07703,65,0.042,53,0.043
192,Carracosta,0.07543,531,0.341,411,0.331
193,Silvally,0.07442,585,0.375,455,0.367
194,Carbink,0.07439,246,0.158,207,0.167
195,Leavanny,0.07187,924,0.593,821,0.662
196,Bronzor,0.07137,81,0.052,71,0.057
197,Shedinja,0.07092,503,0.323,330,0.266
198,Toucannon,0.06890,363,0.233,263,0.212
199,Leafeon,0.06430,683,0.438,534,0.430
200,Silvally-Dragon,0.06371,216,0.139,164,0.132
201,Dusknoir,0.06307,1072,0.688,835,0.673
202,Swirlix,0.05535,144,0.092,134,0.108
203,Rotom-Fan,0.05459,543,0.349,453,0.365
204,Kadabra,0.05446,601,0.386,397,0.320
205,Golem,0.05375,347,0.223,306,0.247
206,Volbeat,0.05230,335,0.215,270,0.218
207,Ariados,0.05175,878,0.564,784,0.632
208,Combusken,0.05105,381,0.245,289,0.233
209,Silvally-Ground,0.05045,458,0.294,339,0.273
210,Dugtrio-Alola,0.04985,683,0.438,523,0.422
211,Dusclops,0.04952,1379,0.885,1109,0.894
212,Bibarel,0.04945,490,0.314,374,0.301
213,Fraxure,0.04636,153,0.098,115,0.093
214,Pawniard,0.04579,108,0.069,80,0.064
215,Pikachu,0.04557,771,0.495,594,0.479
216,Whirlipede,0.04475,121,0.078,100,0.081
217,Noctowl,0.04185,189,0.121,160,0.129
218,Silvally-Flying,0.04149,50,0.032,37,0.030
219,Croconaw,0.04016,92,0.059,73,0.059
220,Lickilicky,0.03903,499,0.320,344,0.277
221,Vespiquen,0.03853,213,0.137,155,0.125
222,Mothim,0.03802,55,0.035,35,0.028
223,Dustox,0.03728,134,0.086,106,0.085
224,Basculin,0.03704,434,0.279,305,0.246
225,Rapidash,0.03583,700,0.449,532,0.429
226,Raichu,0.03559,633,0.406,499,0.402
227,Trevenant,0.03549,565,0.363,449,0.362
228,Beartic,0.03358,443,0.284,320,0.258
229,Glaceon,0.03230,351,0.225,270,0.218
230,Corsola,0.03104,572,0.367,478,0.385
231,Servine,0.03098,285,0.183,234,0.189
232,Octillery,0.03070,231,0.148,173,0.139
233,Vigoroth,0.03009,221,0.142,165,0.133
234,Lycanroc-Midnight,0.02907,405,0.260,325,0.262
235,Swoobat,0.02778,438,0.281,296,0.239
236,Ampharos,0.02776,560,0.359,440,0.355
237,Bouffalant,0.02731,605,0.388,470,0.379
238,Shiinotic,0.02664,581,0.373,457,0.368
239,Drifblim,0.02657,576,0.370,461,0.372
240,Silvally-Fighting,0.02591,109,0.070,85,0.069
241,Butterfree,0.02451,391,0.251,287,0.231
242,Misdreavus,0.02371,158,0.101,124,0.100
243,Dewpider,0.02253,62,0.040,58,0.047
244,Gogoat,0.02204,394,0.253,286,0.231
245,Koffing,0.02169,82,0.053,79,0.064
246,Venipede,0.02114,8,0.005,8,0.006
247,Lairon,0.02081,276,0.177,231,0.186
248,Oranguru,0.01956,115,0.074,87,0.070
249,Wigglytuff,0.01863,478,0.307,354,0.285
250,Farfetch'd,0.01698,194,0.125,140,0.113
251,Luxray,0.01637,585,0.375,448,0.361
252,Bastiodon,0.01600,416,0.267,360,0.290
253,Ninetales,0.01579,423,0.271,343,0.277
254,Silvally-Rock,0.01534,83,0.053,56,0.045
255,Beedrill,0.01482,113,0.073,93,0.075
256,Relicanth,0.01430,201,0.129,169,0.136
257,Seadra,0.01418,92,0.059,66,0.053
258,Purugly,0.01399,358,0.230,272,0.219
259,Solosis,0.01386,29,0.019,23,0.019
260,Brionne,0.01366,5,0.003,5,0.004
261,Loudred,0.01366,5,0.003,4,0.003
262,Meganium,0.01323,413,0.265,321,0.259
263,Silvally-Ice,0.01314,16,0.010,10,0.008
264,Raticate,0.01251,282,0.181,197,0.159
265,Sliggoo,0.01245,286,0.184,198,0.160
266,Electabuzz,0.01244,153,0.098,128,0.103
267,Munchlax,0.01231,159,0.102,115,0.093
268,Beheeyem,0.01217,313,0.201,234,0.189
269,Regigigas,0.01141,300,0.193,235,0.189
270,Bellossom,0.01063,511,0.328,347,0.280
271,Simisage,0.01059,127,0.082,96,0.077
272,Silvally-Dark,0.01043,248,0.159,180,0.145
273,Magnemite,0.01041,157,0.101,98,0.079
274,Magmar,0.01021,171,0.110,146,0.118
275,Metang,0.01013,247,0.159,204,0.164
276,Mr. Mime,0.00963,580,0.372,401,0.323
277,Pachirisu,0.00960,90,0.058,71,0.057
278,Unfezant,0.00955,181,0.116,129,0.104
279,Grimer-Alola,0.00947,26,0.017,23,0.019
280,Wishiwashi,0.00944,243,0.156,189,0.152
281,Illumise,0.00921,61,0.039,52,0.042
282,Camerupt,0.00920,239,0.153,199,0.160
283,Silvally-Fire,0.00901,112,0.072,84,0.068
284,Machoke,0.00876,233,0.150,184,0.148
285,Zebstrika,0.00872,469,0.301,364,0.293
286,Emolga,0.00861,304,0.195,247,0.199
287,Prinplup,0.00850,165,0.106,132,0.106
288,Gothitelle,0.00831,222,0.142,169,0.136
289,Lopunny,0.00798,167,0.107,115,0.093
290,Chimecho,0.00782,186,0.119,136,0.110
291,Seaking,0.00778,129,0.083,97,0.078
292,Phione,0.00739,71,0.046,54,0.044
293,Heatmor,0.00690,213,0.137,157,0.127
294,Dragonair,0.00683,290,0.186,197,0.159
295,Persian,0.00677,187,0.120,157,0.127
296,Pineco,0.00659,105,0.067,91,0.073
297,Gourgeist,0.00619,53,0.034,48,0.039
298,Krokorok,0.00604,57,0.037,45,0.036
299,Golduck,0.00571,194,0.125,134,0.108
300,Zweilous,0.00558,94,0.060,69,0.056
301,Fletchinder,0.00523,14,0.009,11,0.009
302,Beautifly,0.00506,91,0.058,73,0.059
303,Ivysaur,0.00504,108,0.069,72,0.058
304,Maractus,0.00502,195,0.125,137,0.110
305,Magcargo,0.00465,153,0.098,133,0.107
306,Pidgeot,0.00464,191,0.123,155,0.125
307,Marshtomp,0.00387,72,0.046,58,0.047
308,Whiscash,0.00385,214,0.137,176,0.142
309,Gloom,0.00378,197,0.126,174,0.140
310,Staravia,0.00376,17,0.011,16,0.013
311,Tropius,0.00367,192,0.123,145,0.117
312,Eevee,0.00348,129,0.083,96,0.077
313,Seviper,0.00334,152,0.098,122,0.098
314,Dartrix,0.00328,43,0.028,30,0.024
315,Gigalith,0.00315,94,0.060,85,0.069
316,Spinda,0.00315,148,0.095,138,0.111
317,Dunsparce,0.00306,208,0.134,162,0.131
318,Duosion,0.00304,107,0.069,80,0.064
319,Politoed,0.00293,181,0.116,144,0.116
320,Dedenne,0.00291,248,0.159,204,0.164
321,Gourgeist-Small,0.00289,58,0.037,48,0.039
322,Sudowoodo,0.00286,126,0.081,99,0.080
323,Parasect,0.00283,217,0.139,166,0.134
324,Girafarig,0.00269,136,0.087,100,0.081
325,Kricketune,0.00256,164,0.105,139,0.112
326,Huntail,0.00246,70,0.045,47,0.038
327,Omanyte,0.00237,12,0.008,10,0.008
328,Shelgon,0.00221,41,0.026,27,0.022
329,Tentacool,0.00219,231,0.148,201,0.162
330,Porygon,0.00207,98,0.063,78,0.063
331,Hypno,0.00201,203,0.130,158,0.127
332,Simisear,0.00195,78,0.050,56,0.045
333,Gumshoos,0.00191,122,0.078,100,0.081
334,Yamask,0.00153,59,0.038,43,0.035
335,Scraggy,0.00147,97,0.062,80,0.064
336,Torracat,0.00147,138,0.089,126,0.102
337,Corphish,0.00144,19,0.012,7,0.006
338,Swalot,0.00139,158,0.101,105,0.085
339,Cherrim,0.00136,44,0.028,26,0.021
340,Wartortle,0.00132,148,0.095,120,0.097
341,Marill,0.00131,48,0.031,37,0.030
342,Solrock,0.00128,81,0.052,69,0.056
343,Glalie,0.00124,35,0.022,25,0.020
344,Bayleef,0.00123,57,0.037,49,0.040
345,Braixen,0.00121,44,0.028,39,0.031
346,Furfrou,0.00111,146,0.094,107,0.086
347,Natu,0.00111,21,0.013,20,0.016
348,Drilbur,0.00107,2,0.001,2,0.002
349,Castform,0.00106,36,0.023,24,0.019
350,Silvally-Grass,0.00106,34,0.022,27,0.022
351,Dewott,0.00104,9,0.006,9,0.007
352,Cutiefly,0.00100,22,0.014,19,0.015
353,Quilladin,0.00099,59,0.038,51,0.041
354,Carvanha,0.00097,8,0.005,7,0.006
355,Fearow,0.00095,138,0.089,101,0.081
356,Plusle,0.00092,32,0.021,26,0.021
357,Banette,0.00086,176,0.113,145,0.117
358,Grumpig,0.00084,328,0.211,217,0.175
359,Sealeo,0.00073,14,0.009,10,0.008
360,Vulpix,0.00073,3,0.002,2,0.002
361,Poipole,0.00067,131,0.084,103,0.083
362,Boldore,0.00067,25,0.016,18,0.015
363,Bulbasaur,0.00060,43,0.028,34,0.027
364,Pupitar,0.00056,23,0.015,22,0.018
365,Wailord,0.00055,198,0.127,155,0.125
366,Growlithe,0.00050,3,0.002,3,0.002
367,Wormadam-Sandy,0.00048,17,0.011,16,0.013
368,Honedge,0.00042,27,0.017,15,0.012
369,Riolu,0.00040,29,0.019,23,0.019
370,Sandshrew-Alola,0.00039,18,0.012,18,0.015
371,Shellder,0.00039,34,0.022,30,0.024
372,Vibrava,0.00035,98,0.063,69,0.056
373,Lampent,0.00032,56,0.036,47,0.038
374,Stantler,0.00032,38,0.024,36,0.029
375,Wobbuffet,0.00031,201,0.129,150,0.121
376,Cottonee,0.00029,120,0.077,82,0.066
377,Delcatty,0.00029,106,0.068,81,0.065
378,Teddiursa,0.00027,3,0.002,2,0.002
379,Ledian,0.00027,26,0.017,24,0.019
380,Wormadam,0.00026,15,0.010,13,0.010
381,Krabby,0.00023,34,0.022,31,0.025
382,Hakamo-o,0.00022,49,0.031,37,0.030
383,Gourgeist-Large,0.00020,24,0.015,23,0.019
384,Delibird,0.00020,131,0.084,123,0.099
385,Klang,0.00020,28,0.018,22,0.018
386,Lickitung,0.00020,70,0.045,54,0.044
387,Cosmoem,0.00019,21,0.013,16,0.013
388,Swadloon,0.00019,44,0.028,43,0.035
389,Nosepass,0.00019,188,0.121,169,0.136
390,Carnivine,0.00018,90,0.058,72,0.058
391,Pikachu-Partner,0.00016,2,0.001,2,0.002
392,Poliwhirl,0.00015,33,0.021,30,0.024
393,Yanma,0.00014,34,0.022,27,0.022
394,Zigzagoon,0.00014,8,0.005,6,0.005
395,Oricorio-Pa'u,0.00014,22,0.014,16,0.013
396,Exeggcute,0.00014,16,0.010,11,0.009
397,Oddish,0.00013,3,0.002,2,0.002
398,Trubbish,0.00013,8,0.005,6,0.005
399,Tirtouga,0.00013,5,0.003,5,0.004
400,Lunatone,0.00013,51,0.033,36,0.029
401,Shelmet,0.00012,8,0.005,8,0.006
402,Watchog,0.00012,47,0.030,35,0.028
403,Dewgong,0.00011,90,0.058,70,0.056
404,Spritzee,0.00011,7,0.004,6,0.005
405,Shellos,0.00011,8,0.005,6,0.005
406,Minun,0.00010,123,0.079,100,0.081
407,Mightyena,0.00010,118,0.076,86,0.069
408,Aron,0.00009,115,0.074,74,0.060
409,Sunflora,0.00009,50,0.032,39,0.031
410,Tyrunt,0.00008,35,0.022,32,0.026
411,Trapinch,0.00008,7,0.004,5,0.004
412,Nidorino,0.00008,27,0.017,22,0.018
413,Weedle,0.00008,5,0.003,3,0.002
414,Floette,0.00007,39,0.025,30,0.024
415,Furret,0.00007,77,0.049,58,0.047
416,Luvdisc,0.00006,47,0.030,34,0.027
417,Onix,0.00006,57,0.037,50,0.040
418,Eelektrik,0.00005,113,0.073,104,0.084
419,Seel,0.00005,12,0.008,10,0.008
420,Slowpoke,0.00004,36,0.023,36,0.029
421,Snover,0.00004,19,0.012,12,0.010
422,Silvally-Psychic,0.00003,5,0.003,4,0.003
423,Taillow,0.00002,55,0.035,33,0.027
424,Zorua,0.00002,74,0.047,35,0.028
425,Mantyke,0.00002,15,0.010,11,0.009
426,Gastly,0.00002,16,0.010,13,0.010
427,Numel,0.00002,21,0.013,13,0.010
428,Vanillish,0.00002,8,0.005,7,0.006
429,Baltoy,0.00002,6,0.004,6,0.005
430,Palpitoad,0.00002,44,0.028,36,0.029
431,Psyduck,0.00002,5,0.003,5,0.004
432,Popplio,0.00002,2,0.001,1,0.001
433,Deerling,0.00002,1,0.001,1,0.001
434,Drowzee,0.00002,11,0.007,10,0.008
435,Graveler-Alola,0.00002,20,0.013,18,0.015
436,Grotle,0.00002,18,0.012,13,0.010
437,Trumbeak,0.00001,4,0.003,3,0.002
438,Staryu,0.00001,14,0.009,9,0.007
439,Cubone,0.00001,2,0.001,2,0.002
440,Metapod,0.00001,4,0.003,3,0.002
441,Raticate-Alola-Totem,0.00001,160,0.103,117,0.094
442,Mankey,0.00001,5,0.003,3,0.002
443,Flaaffy,0.00001,16,0.010,12,0.010
444,Foongus,0.00001,11,0.007,11,0.009
445,Amaura,0.00001,2,0.001,2,0.002
446,Seedot,0.00001,3,0.002,3,0.002
447,Bunnelby,0.00000,8,0.005,3,0.002
448,Diglett,0.00000,6,0.004,6,0.005
449,Jigglypuff,0.00000,26,0.017,25,0.020
450,Ralts,0.00000,15,0.010,12,0.010
451,Rattata,0.00000,56,0.036,35,0.028
452,Ponyta,0.00000,10,0.006,8,0.006
453,Paras,0.00000,13,0.008,9,0.007
454,Starly,0.00000,23,0.015,19,0.015
455,Phanpy,0.00000,19,0.012,19,0.015
456,Silvally-Bug,0.00000,3,0.002,3,0.002
457,Skiploom,0.00000,13,0.008,12,0.010
458,Morelull,0.00000,28,0.018,22,0.018
459,Caterpie,0.00000,13,0.008,7,0.006
460,Cyndaquil,0.00000,4,0.003,4,0.003
461,Cleffa,0.00000,7,0.004,4,0.003
462,Quilava,0.00000,6,0.004,6,0.005
463,Torchic,0.00000,2,0.001,2,0.002
464,Houndour,0.00000,3,0.002,3,0.002
465,Darumaka,0.00000,6,0.004,5,0.004
466,Doduo,0.00000,4,0.003,1,0.001
467,Archen,0.00000,3,0.002,0,0.000
468,Treecko,0.00000,11,0.007,5,0.004
469,Joltik,0.00000,2,0.001,2,0.002
470,Goldeen,0.00000,1,0.001,1,0.001
471,Salandit,0.00000,20,0.013,19,0.015
472,Snorunt,0.00000,4,0.003,3,0.002
473,Cubchoo,0.00000,2,0.001,1,0.001
474,Vanillite,0.00000,2,0.001,2,0.002
475,Dwebble,0.00000,20,0.013,19,0.015
476,Aipom,0.00000,9,0.006,6,0.005
477,Jangmo-o,0.00000,5,0.003,4,0.003
478,Litten,0.00000,2,0.001,2,0.002
479,Graveler,0.00000,20,0.013,13,0.010
480,Roggenrola,0.00000,5,0.003,3,0.002
481,NidoranF,0.00000,5,0.003,3,0.002
482,Kricketot,0.00000,3,0.002,1,0.001
483,Elekid,0.00000,6,0.004,5,0.004
484,Kirlia,0.00000,7,0.004,7,0.006
485,Unown,0.00000,17,0.011,9,0.007
486,Crabrawler,0.00000,4,0.003,2,0.002
487,Magikarp,0.00000,20,0.013,18,0.015
488,Inkay,0.00000,8,0.005,6,0.005
489,Woobat,0.00000,38,0.024,27,0.022
490,Cherubi,0.00000,2,0.001,1,0.001
491,Wooper,0.00000,7,0.004,7,0.006
492,Litwick,0.00000,5,0.003,4,0.003
493,Bidoof,0.00000,14,0.009,12,0.010
494,Nidorina,0.00000,9,0.006,7,0.006
495,Fomantis,0.00000,10,0.006,6,0.005
496,Panpour,0.00000,2,0.001,2,0.002
497,Abra,0.00000,5,0.003,3,0.002
498,Charmeleon,0.00000,17,0.011,12,0.010
499,Shroomish,0.00000,4,0.003,3,0.002
500,Squirtle,0.00000,39,0.025,32,0.026
501,Mudbray,0.00000,1,0.001,0,0.000
502,Buneary,0.00000,3,0.002,2,0.002
503,Pikachu-Sinnoh,0.00000,4,0.003,2,0.002
504,Azurill,0.00000,6,0.004,5,0.004
505,Lillipup,0.00000,5,0.003,5,0.004
506,Vulpix-Alola,0.00000,1,0.001,1,0.001
507,Gothorita,0.00000,18,0.012,10,0.008
508,Snubbull,0.00000,1,0.001,1,0.001
509,Surskit,0.00000,4,0.003,4,0.003
510,Skrelp,0.00000,1,0.001,1,0.001
511,Pikachu-Alola,0.00000,9,0.006,7,0.006
512,Rufflet,0.00000,2,0.001,2,0.002
513,Pansear,0.00000,1,0.001,1,0.001
514,Pansage,0.00000,1,0.001,1,0.001
515,Ducklett,0.00000,1,0.001,1,0.001
516,Deino,0.00000,6,0.004,5,0.004
517,Mime Jr.,0.00000,1,0.001,1,0.001
518,Remoraid,0.00000,3,0.002,2,0.002
519,Totodile,0.00000,2,0.001,2,0.002
520,Pidgey,0.00000,6,0.004,3,0.002
521,Poliwag,0.00000,6,0.004,6,0.005
522,Espurr,0.00000,1,0.001,1,0.001
523,Weepinbell,0.00000,32,0.021,24,0.019
524,Togepi,0.00000,4,0.003,4,0.003
525,Larvesta,0.00000,4,0.003,2,0.002
526,Bergmite,0.00000,1,0.001,1,0.001
527,Sandygast,0.00000,3,0.002,2,0.002
528,Fletchling,0.00000,1,0.001,1,0.001
529,Chikorita,0.00000,1,0.001,1,0.001
530,Wingull,0.00000,1,0.001,0,0.000
531,Mareep,0.00000,1,0.001,1,0.001
532,Grubbin,0.00000,3,0.002,3,0.002
533,Mudkip,0.00000,2,0.001,2,0.002
534,Pumpkaboo-Super,0.00000,9,0.006,8,0.006
535,Tepig,0.00000,2,0.001,2,0.002
536,Anorith,0.00000,6,0.004,4,0.003
537,Chinchou,0.00000,2,0.001,2,0.002
538,Pidgeotto,0.00000,11,0.007,9,0.007
539,Sewaddle,0.00000,1,0.001,1,0.001
540,Duskull,0.00000,5,0.003,3,0.002
541,Axew,0.00000,3,0.002,2,0.002
542,Charjabug,0.00000,2,0.001,2,0.002
543,Spoink,0.00000,2,0.001,2,0.002
544,Elgyem,0.00000,1,0.001,1,0.001
545,Pichu,0.00000,2,0.001,2,0.002
546,Magby,0.00000,1,0.001,1,0.001
547,Lurantis-Totem,0.00000,1,0.001,1,0.001
548,Pikachu-Original,0.00000,2,0.001,2,0.002
549,Lombre,0.00000,3,0.002,3,0.002
550,Frillish,0.00000,4,0.003,4,0.003
551,Swinub,0.00000,2,0.001,2,0.002
552,Sunkern,0.00000,4,0.003,1,0.001
553,Skorupi,0.00000,1,0.001,1,0.001
554,Bonsly,0.00000,3,0.002,2,0.002
555,Purrloin,0.00000,3,0.002,3,0.002
556,Geodude,0.00000,3,0.002,3,0.002
557,Tyrogue,0.00000,4,0.003,4,0.003
558,Meowth-Alola,0.00000,1,0.001,1,0.001
559,Chimchar,0.00000,6,0.004,5,0.004
560,Gible,0.00000,1,0.001,1,0.001
561,Rattata-Alola,0.00000,4,0.003,4,0.003
562,Voltorb,0.00000,1,0.001,0,0.000
563,Lileep,0.00000,24,0.015,24,0.019
564,Smoochum,0.00000,5,0.003,5,0.004
565,Swablu,0.00000,1,0.001,1,0.001
566,Zubat,0.00000,4,0.003,4,0.003
567,Charmander,0.00000,3,0.002,2,0.002
568,Karrablast,0.00000,1,0.001,0,0.000
569,Nincada,0.00000,1,0.001,1,0.001
570,Helioptile,0.00000,1,0.001,1,0.001
571,Pikachu-Unova,0.00000,1,0.001,1,0.001
572,Steenee,0.00000,2,0.001,2,0.002
573,Petilil,0.00000,1,0.001,1,0.001
574,Lotad,0.00000,5,0.003,4,0.003
575,Sentret,0.00000,1,0.001,0,0.000
576,Bagon,0.00000,1,0.001,1,0.001
577,Wynaut,0.00000,1,0.001,1,0.001
578,Wurmple,0.00000,1,0.001,1,0.001
579,Pikipek,0.00000,1,0.001,1,0.001
580,Feebas,0.00000,3,0.002,2,0.002
581,Buizel,0.00000,5,0.003,4,0.003
582,Oshawott,0.00000,1,0.001,1,0.001
583,Luxio,0.00000,4,0.003,3,0.002
584,Happiny,0.00000,2,0.001,1,0.001
585,Grovyle,0.00000,13,0.008,11,0.009
586,Meowth,0.00000,5,0.003,4,0.003
587,Herdier,0.00000,16,0.010,14,0.011
588,Pumpkaboo-Large,0.00000,2,0.001,2,0.002
589,Mienfoo,0.00000,3,0.002,3,0.002
590,Tynamo,0.00000,3,0.002,3,0.002
591,Rowlet,0.00000,2,0.001,1,0.001
592,Scatterbug,0.00000,1,0.001,1,0.001
593,Piplup,0.00000,2,0.001,2,0.002
594,Patrat,0.00000,1,0.001,1,0.001
595,Nuzleaf,0.00000,3,0.002,3,0.002
596,Meditite,0.00000,2,0.001,2,0.002
597,Snivy,0.00000,3,0.002,1,0.001
598,Spinarak,0.00000,2,0.001,2,0.002
599,Shinx,0.00000,1,0.001,1,0.001
600,Rhyhorn,0.00000,4,0.003,3,0.002
