Rank,Pokemon,Usage %,Raw,Raw %,Real,Real %
1,Groudon-Primal,76.65583,202749,45.304,160343,50.380
2,Necrozma-Dusk-Mane,49.60586,104225,23.289,74854,23.519
3,Yveltal,47.57745,102877,22.988,79372,24.939
4,Xerneas,43.98121,138383,30.922,94572,29.714
5,Marshadow,38.26629,101310,22.638,69010,21.683
6,Arceus,22.31711,57865,12.930,39989,12.565
7,Arceus-Ground,22.02202,28824,6.441,22475,7.062
8,Zygarde,17.51954,47282,10.565,33629,10.566
9,Arceus-Fairy,17.22071,34995,7.820,26837,8.432
10,Kyogre-Primal,17.12315,93812,20.962,66593,20.923
11,Salamence-Mega,14.38789,43516,9.724,29611,9.304
12,Ho-Oh,13.18439,38991,8.712,28671,9.008
13,Rayquaza,11.58103,41916,9.366,29378,9.231
14,Gengar-Mega,10.67254,32774,7.323,22260,6.994
15,Smeargle,8.84720,17831,3.984,16528,5.193
16,Arceus-Water,8.38780,21551,4.816,16261,5.109
17,Giratina-Origin,8.24340,28320,6.328,20868,6.557
18,Excadrill,7.41648,10584,2.365,9147,2.874
19,Deoxys-Speed,7.24479,23342,5.216,21214,6.665
20,Deoxys-Attack,7.16262,25963,5.801,18654,5.861
21,Ferrothorn,7.04746,22991,5.137,18731,5.885
22,Lunala,6.97957,15404,3.442,10814,3.398
23,Lucario-Mega,6.86206,36755,8.213,25062,7.874
24,Magearna,6.76035,16305,3.643,12498,3.927
25,Mewtwo-Mega-Y,6.46413,38720,8.652,25372,7.972
26,Lugia,5.92227,41321,9.233,28714,9.022
27,Necrozma-Dawn-Wings,4.11756,19587,4.377,12976,4.077
28,Kyurem-White,3.82298,16343,3.652,10736,3.373
29,Kyogre,3.60784,12293,2.747,8432,2.649
30,Shaymin-Sky,3.48055,16630,3.716,11280,3.544
31,Diancie-Mega,3.45799,6562,1.466,5292,1.663
32,Arceus-Dark,3.12255,6526,1.458,4751,1.493
33,Sableye-Mega,3.10986,6734,1.505,5666,1.780
34,Kangaskhan-Mega,2.96570,15922,3.558,12100,3.802
35,Giratina,2.92609,9933,2.220,7144,2.245
36,Ditto,2.89584,7780,1.738,5386,1.692
37,Blissey,2.79851,7023,1.569,5128,1.611
38,Cloyster,2.71253,9468,2.116,7452,2.341
39,Mewtwo-Mega-X,2.46183,19086,4.265,13030,4.094
40,Dialga,2.15684,17833,3.985,12953,4.070
41,Gothitelle,1.97208,4300,0.961,2816,0.885
42,Palkia,1.90632,12670,2.831,8653,2.719
43,Mewtwo,1.89275,10737,2.399,7238,2.274
44,Arceus-Steel,1.85447,8650,1.933,6133,1.927
45,Tapu Lele,1.85356,8119,1.814,5996,1.884
46,Naganadel,1.83593,18723,4.184,12083,3.796
47,Blaziken-Mega,1.77518,32052,7.162,22121,6.950
48,Aegislash,1.72766,37346,8.345,25666,8.064
49,Scolipede,1.70718,2595,0.580,2095,0.658
50,Scizor-Mega,1.62625,6670,1.490,4689,1.473
51,Darkrai,1.58159,32253,7.207,22616,7.106
52,Pheromosa,1.53171,16974,3.793,12010,3.774
53,Chansey,1.47983,11887,2.656,8288,2.604
54,Dugtrio,1.47773,5385,1.203,4110,1.291
55,Arceus-Ghost,1.47707,6851,1.531,4468,1.404
56,Tyranitar-Mega,1.46889,5767,1.289,4281,1.345
57,Toxapex,1.46084,10015,2.238,7690,2.416
58,Tyranitar,1.43928,9079,2.029,6724,2.113
59,Klefki,1.43762,3050,0.682,2464,0.774
60,Arceus-Poison,1.39240,3426,0.766,2368,0.744
61,Skarmory,1.29171,6193,1.384,5008,1.574
62,Genesect,1.10427,12872,2.876,9164,2.879
63,Landorus,1.10256,8920,1.993,6659,2.092
64,Metagross-Mega,1.04967,17864,3.992,12539,3.940
65,Slowbro-Mega,1.04191,1097,0.245,843,0.265
66,Arceus-Flying,1.01910,2812,0.628,1998,0.628
67,Zekrom,1.00082,9880,2.208,6583,2.068
68,Solgaleo,0.91012,9093,2.032,6157,1.935
69,Arceus-Dragon,0.88180,2689,0.601,1965,0.617
70,Shuckle,0.73839,12603,2.816,11515,3.618
71,Celesteela,0.70872,7057,1.577,5146,1.617
72,Buzzwole,0.68863,2698,0.603,1820,0.572
73,Greninja,0.68846,14672,3.278,10865,3.414
74,Stakataka,0.68749,2450,0.547,1846,0.580
75,Reshiram,0.66126,6305,1.409,4183,1.314
76,Tapu Koko,0.65010,8728,1.950,6274,1.971
77,Slowbro,0.56958,1442,0.322,1055,0.331
78,Deoxys-Defense,0.51258,9452,2.112,7440,2.338
79,Latias,0.50403,1659,0.371,1171,0.368
80,Mew,0.49587,5183,1.158,3783,1.189
81,Gyarados-Mega,0.49408,4160,0.930,3057,0.961
82,Arceus-Rock,0.48841,1268,0.283,910,0.286
83,Latias-Mega,0.45762,1250,0.279,897,0.282
84,Muk-Alola,0.45513,1939,0.433,1350,0.424
85,Cottonee,0.43548,4565,1.020,2861,0.899
86,Groudon,0.41551,3236,0.723,2574,0.809
87,Arceus-Grass,0.40921,2111,0.472,1413,0.444
88,Aerodactyl,0.39317,1177,0.263,955,0.300
89,Lopunny-Mega,0.38082,3702,0.827,2710,0.851
90,Landorus-Therian,0.37272,7708,1.722,6026,1.893
91,Venusaur-Mega,0.37196,5522,1.234,3873,1.217
92,Blaziken,0.36802,15136,3.382,10388,3.264
93,Aerodactyl-Mega,0.34749,1825,0.408,1278,0.402
94,Wobbuffet,0.34010,3618,0.808,2622,0.824
95,Blacephalon,0.32687,3412,0.762,2387,0.750
96,Medicham-Mega,0.32131,2050,0.458,1518,0.477
97,Arceus-Electric,0.30952,3244,0.725,2154,0.677
98,Cresselia,0.28326,1587,0.355,1130,0.355
99,Mimikyu,0.27880,12175,2.720,8805,2.767
100,Kartana,0.24680,7329,1.638,4974,1.563
101,Arceus-Fire,0.24109,1664,0.372,1139,0.358
102,Shedinja,0.23837,2821,0.630,1836,0.577
103,Diancie,0.23619,457,0.102,316,0.099
104,Greninja-Ash,0.22863,21769,4.864,16004,5.028
105,Serperior,0.22514,7883,1.761,5247,1.649
106,Umbreon,0.22322,3929,0.878,2728,0.857
107,Zeraora,0.20942,11252,2.514,7943,2.496
108,Mamoswine,0.19907,3408,0.762,2706,0.850
109,Whimsicott,0.18828,2590,0.579,1899,0.597
110,Solrock,0.17683,511,0.114,440,0.138
111,Clefable,0.16957,5449,1.218,3797,1.193
112,Arceus-Ice,0.16348,1127,0.252,775,0.244
113,Forretress,0.15541,3840,0.858,3304,1.038
114,Uxie,0.15347,693,0.155,606,0.190
115,Jirachi,0.15170,3407,0.761,2367,0.744
116,Bronzong,0.15141,995,0.222,771,0.242
117,Gyarados,0.15094,4110,0.918,3040,0.955
118,Tapu Bulu,0.14638,2508,0.560,1617,0.508
119,Charizard-Mega-X,0.14608,13765,3.076,10022,3.149
120,Silvally,0.14590,314,0.070,235,0.074
121,Garchomp,0.13637,12797,2.859,9171,2.882
122,Slurpuff,0.13070,1218,0.272,937,0.294
123,Pyukumuku,0.12776,849,0.190,641,0.201
124,Mawile-Mega,0.12765,2947,0.659,2143,0.673
125,Xurkitree,0.12643,2629,0.587,1741,0.547
126,Heatran,0.12191,4062,0.908,2984,0.938
127,Rotom-Wash,0.12142,4116,0.920,2922,0.918
128,Cofagrigus,0.11690,1166,0.261,846,0.266
129,Pikachu,0.11451,3180,0.711,2307,0.725
130,Archeops,0.10976,604,0.135,481,0.151
131,Gliscor,0.10836,11181,2.498,8176,2.569
132,Quagsire,0.09938,1356,0.303,1024,0.322
133,Probopass,0.09602,946,0.211,722,0.227
134,Gastrodon,0.09168,1945,0.435,1393,0.438
135,Latios,0.09092,2137,0.478,1366,0.429
136,Scizor,0.08960,3123,0.698,2138,0.672
137,Tapu Fini,0.08537,2922,0.653,2111,0.663
138,Bisharp,0.08139,5098,1.139,3523,1.107
139,Gengar,0.08060,6861,1.533,4770,1.499
140,Weavile,0.07981,5318,1.188,3732,1.173
141,Terrakion,0.07918,647,0.145,465,0.146
142,Ribombee,0.07585,1482,0.331,1223,0.384
143,Thundurus,0.07424,1422,0.318,1168,0.367
144,Omastar,0.07324,569,0.127,444,0.140
145,Tentacruel,0.07282,1553,0.347,1174,0.369
146,Pinsir-Mega,0.07228,1743,0.389,1168,0.367
147,Crawdaunt,0.07103,1231,0.275,985,0.309
148,Amoonguss,0.07084,2017,0.451,1359,0.427
149,Houndoom-Mega,0.06965,1169,0.261,807,0.254
150,Swellow,0.06835,1553,0.347,1069,0.336
151,Togekiss,0.06406,4650,1.039,3239,1.018
152,Azelf,0.06328,549,0.123,452,0.142
153,Sableye,0.06308,1286,0.287,1036,0.326
154,Galvantula,0.06123,3196,0.714,2720,0.855
155,Gothorita,0.05717,620,0.139,338,0.106
156,Hoopa-Unbound,0.05520,3709,0.829,2437,0.766
157,Keldeo,0.05370,1933,0.432,1354,0.425
158,Glalie-Mega,0.05325,455,0.102,314,0.099
159,Victini,0.05283,3031,0.677,2055,0.646
160,Kyurem,0.05216,489,0.109,334,0.105
161,Garchomp-Mega,0.05102,4270,0.954,3146,0.988
162,Magnezone,0.05013,3313,0.740,2300,0.723
163,Zapdos,0.04944,3764,0.841,2590,0.814
164,Beedrill-Mega,0.04860,3002,0.671,2148,0.675
165,Dragonite,0.04731,8825,1.972,5888,1.850
166,Solosis,0.04694,1748,0.391,879,0.276
167,Volcarona,0.04242,7116,1.590,4593,1.443
168,Swampert-Mega,0.04214,5628,1.258,4202,1.320
169,Breloom,0.04173,3555,0.794,2580,0.811
170,Staraptor,0.04100,3579,0.800,2528,0.794
171,Krookodile,0.04088,2628,0.587,1940,0.610
172,Nihilego,0.04086,1398,0.312,1103,0.347
173,Chatot,0.03974,340,0.076,257,0.081
174,Porygon-Z,0.03970,2676,0.598,1909,0.600
175,Lycanroc-Dusk,0.03705,2685,0.600,1968,0.618
176,Espeon,0.03687,3170,0.708,2236,0.703
177,Ariados,0.03624,484,0.108,429,0.135
178,Alakazam-Mega,0.03433,4296,0.960,2775,0.872
179,Hawlucha,0.03411,3454,0.772,2339,0.735
180,Zoroark,0.03391,3085,0.689,1579,0.496
181,Alakazam,0.03240,2451,0.548,1625,0.511
182,Charizard-Mega-Y,0.03208,6394,1.429,4642,1.459
183,Mandibuzz,0.03189,952,0.213,674,0.212
184,Kommo-o,0.03174,2573,0.575,1857,0.583
185,Snorlax,0.03143,6762,1.511,4779,1.502
186,Manectric-Mega,0.03127,1339,0.299,902,0.283
187,Durant,0.03044,2470,0.552,2078,0.653
188,Salamence,0.02993,4441,0.992,2994,0.941
189,Araquanid,0.02955,1094,0.244,888,0.279
190,Alomomola,0.02952,557,0.124,335,0.105
191,Kyurem-Black,0.02916,4178,0.934,2715,0.853
192,Arceus-Fighting,0.02835,746,0.167,482,0.151
193,Lopunny,0.02726,299,0.067,237,0.074
194,Gallade-Mega,0.02722,2491,0.557,1708,0.537
195,Nosepass,0.02633,4284,0.957,3172,0.997
196,Vivillon,0.02606,703,0.157,502,0.158
197,Hydreigon,0.02547,4833,1.080,3324,1.044
198,Ninetales-Alola,0.02531,4166,0.931,3036,0.954
199,Starmie,0.02523,1318,0.295,877,0.276
200,Blastoise-Mega,0.02515,1897,0.424,1420,0.446
201,Aron,0.02351,4647,1.038,2575,0.809
202,Hippowdon,0.02344,1377,0.308,1076,0.338
203,Diglett,0.02330,143,0.032,117,0.037
204,Tornadus,0.02298,212,0.047,151,0.047
205,Talonflame,0.02285,4130,0.923,2934,0.922
206,Golduck,0.02279,1174,0.262,784,0.246
207,Lanturn,0.02272,574,0.128,428,0.134
208,Pineco,0.02271,3985,0.890,2967,0.932
209,Pelipper,0.02233,1589,0.355,1316,0.413
210,Rotom-Heat,0.02095,681,0.152,482,0.151
211,Azumarill,0.02062,3560,0.795,2618,0.823
212,Taillow,0.02018,3467,0.775,1787,0.561
213,Infernape,0.01990,5712,1.276,3991,1.254
214,Chandelure,0.01866,3023,0.675,2019,0.634
215,Tangrowth,0.01852,1481,0.331,936,0.294
216,Arceus-Psychic,0.01852,604,0.135,396,0.124
217,Torkoal,0.01838,610,0.136,513,0.161
218,Heracross-Mega,0.01800,1941,0.434,1315,0.413
219,Crobat,0.01763,3811,0.852,2655,0.834
220,Swampert,0.01761,3406,0.761,2607,0.819
221,Deoxys,0.01757,1309,0.292,931,0.293
222,Sceptile-Mega,0.01728,5027,1.123,3399,1.068
223,Drapion,0.01722,1233,0.276,955,0.300
224,Froslass,0.01701,1049,0.234,793,0.249
225,Lucario,0.01688,3223,0.720,2248,0.706
226,Gardevoir-Mega,0.01659,4512,1.008,3094,0.972
227,Milotic,0.01634,3228,0.721,2335,0.734
228,Banette-Mega,0.01618,1048,0.234,748,0.235
229,Incineroar,0.01599,3491,0.780,2494,0.784
230,Arceus-Bug,0.01598,476,0.106,303,0.095
231,Empoleon,0.01534,2101,0.469,1524,0.479
232,Kabutops,0.01498,546,0.122,382,0.120
233,Oricorio-Pom-Pom,0.01452,76,0.017,61,0.019
234,Charizard,0.01445,2245,0.502,1577,0.495
235,Metagross,0.01445,3609,0.806,2485,0.781
236,Tornadus-Therian,0.01398,782,0.175,560,0.176
237,Arcanine,0.01388,3835,0.857,2674,0.840
238,Feraligatr,0.01358,1700,0.380,1237,0.389
239,Steelix-Mega,0.01322,1041,0.233,790,0.248
240,Latios-Mega,0.01300,1632,0.365,1084,0.341
241,Masquerain,0.01292,358,0.080,314,0.099
242,Rhyperior,0.01271,1065,0.238,821,0.258
243,Porygon2,0.01217,1265,0.283,907,0.285
244,Drampa,0.01198,327,0.073,230,0.072
245,Seismitoad,0.01192,1059,0.237,833,0.262
246,Manaphy,0.01181,1232,0.275,854,0.268
247,Meloetta,0.01169,856,0.191,611,0.192
248,Magikarp,0.01166,399,0.089,324,0.102
249,Jolteon,0.01154,3926,0.877,2760,0.867
250,Claydol,0.01136,439,0.098,344,0.108
251,Caterpie,0.01123,49,0.011,44,0.014
252,Flygon,0.01093,1959,0.438,1402,0.441
253,Sylveon,0.01068,2996,0.669,1986,0.624
254,Gardevoir,0.01044,2972,0.664,1946,0.611
255,Aggron-Mega,0.01041,1915,0.428,1461,0.459
256,Ludicolo,0.01019,1067,0.238,771,0.242
257,Haxorus,0.01017,2513,0.562,1625,0.511
258,Nidoking,0.01000,2939,0.657,2142,0.673
259,Altaria-Mega,0.00997,1662,0.371,1120,0.352
260,Golisopod,0.00991,1168,0.261,853,0.268
261,Trapinch,0.00973,70,0.016,44,0.014
262,Decidueye,0.00967,3940,0.880,2683,0.843
263,Barbaracle,0.00967,367,0.082,250,0.079
264,Zygarde-10,0.00923,700,0.156,497,0.156
265,Heracross,0.00913,1082,0.242,762,0.239
266,Murkrow,0.00903,268,0.060,182,0.057
267,Magnemite,0.00892,1739,0.389,912,0.287
268,Mismagius,0.00888,616,0.138,420,0.132
269,Venusaur,0.00881,2815,0.629,1951,0.613
270,Goodra,0.00870,2516,0.562,1653,0.519
271,Liepard,0.00863,378,0.084,288,0.090
272,Donphan,0.00851,539,0.120,422,0.133
273,Volcanion,0.00829,1971,0.440,1393,0.438
274,Noivern,0.00826,2813,0.629,1926,0.605
275,Rampardos,0.00817,619,0.138,424,0.133
276,Celebi,0.00770,1131,0.253,782,0.246
277,Bastiodon,0.00731,382,0.085,314,0.099
278,Thundurus-Therian,0.00722,1783,0.398,1255,0.394
279,Ursaring,0.00689,524,0.117,383,0.120
280,Xatu,0.00687,560,0.125,413,0.130
281,Kingdra,0.00673,1727,0.386,1206,0.379
282,Audino-Mega,0.00665,355,0.079,263,0.083
283,Regirock,0.00662,448,0.100,337,0.106
284,Florges,0.00648,987,0.221,660,0.207
285,Marowak-Alola,0.00643,1452,0.324,1031,0.324
286,Rattata,0.00639,2314,0.517,1514,0.476
287,Dunsparce,0.00633,303,0.068,194,0.061
288,Minior,0.00600,620,0.139,441,0.139
289,Salazzle,0.00576,1404,0.314,990,0.311
290,Suicune,0.00570,1279,0.286,917,0.288
291,Sceptile,0.00563,2663,0.595,1851,0.582
292,Sawk,0.00550,1244,0.278,812,0.255
293,Slaking,0.00548,1077,0.241,718,0.226
294,Absol-Mega,0.00539,1315,0.294,931,0.293
295,Electivire,0.00529,3415,0.763,2364,0.743
296,Furfrou,0.00520,159,0.036,131,0.041
297,Luxray,0.00517,2280,0.509,1636,0.514
298,Darmanitan,0.00510,1349,0.301,921,0.289
299,Conkeldurr,0.00508,1471,0.329,973,0.306
300,Lycanroc,0.00498,563,0.126,450,0.141
301,Honchkrow,0.00494,1141,0.255,831,0.261
302,Hitmonchan,0.00489,488,0.109,351,0.110
303,Cinccino,0.00473,1024,0.229,680,0.214
304,Primarina,0.00461,2015,0.450,1433,0.450
305,Dusclops,0.00454,911,0.204,618,0.194
306,Raichu-Alola,0.00450,1911,0.427,1358,0.427
307,Sigilyph,0.00441,965,0.216,659,0.207
308,Meganium,0.00420,366,0.082,258,0.081
309,Accelgor,0.00412,540,0.121,442,0.139
310,Cobalion,0.00383,469,0.105,353,0.111
311,Regice,0.00377,726,0.162,474,0.149
312,Persian-Alola,0.00371,370,0.083,280,0.088
313,Emolga,0.00360,214,0.048,153,0.048
314,Eelektross,0.00353,1259,0.281,931,0.293
315,Entei,0.00351,759,0.170,550,0.173
316,Spiritomb,0.00351,874,0.195,673,0.211
317,Articuno,0.00347,1231,0.275,909,0.286
318,Sharpedo,0.00342,1177,0.263,838,0.263
319,Registeel,0.00320,603,0.135,442,0.139
320,Roserade,0.00317,1863,0.416,1323,0.416
321,Politoed,0.00316,885,0.198,705,0.222
322,Typhlosion,0.00315,1768,0.395,1341,0.421
323,Gothita,0.00310,19,0.004,15,0.005
324,Avalugg,0.00308,509,0.114,334,0.105
325,Weezing,0.00303,595,0.133,468,0.147
326,Exeggutor,0.00298,758,0.169,510,0.160
327,Sawsbuck,0.00292,218,0.049,140,0.044
328,Yanmega,0.00290,665,0.149,468,0.147
329,Mantine,0.00288,481,0.107,363,0.114
330,Vaporeon,0.00284,1459,0.326,1094,0.344
331,Slowpoke,0.00283,33,0.007,25,0.008
332,Vikavolt,0.00283,881,0.197,592,0.186
333,Ambipom,0.00282,866,0.194,670,0.211
334,Hitmontop,0.00281,415,0.093,299,0.094
335,Hitmonlee,0.00274,842,0.188,561,0.176
336,Ninjask,0.00271,902,0.202,666,0.209
337,Ampharos-Mega,0.00271,1370,0.306,906,0.285
338,Abomasnow-Mega,0.00265,966,0.216,673,0.211
339,Bibarel,0.00263,271,0.061,191,0.060
340,Sharpedo-Mega,0.00263,791,0.177,547,0.172
341,Moltres,0.00259,1195,0.267,840,0.264
342,Tyrantrum,0.00259,1226,0.274,856,0.269
343,Doublade,0.00258,266,0.059,212,0.067
344,Necrozma,0.00257,769,0.172,570,0.179
345,Lapras,0.00254,2104,0.470,1581,0.497
346,Golurk,0.00246,715,0.160,516,0.162
347,Comfey,0.00245,212,0.047,135,0.042
348,Machamp,0.00244,1338,0.299,953,0.299
349,Lilligant,0.00242,424,0.095,316,0.099
350,Toxicroak,0.00241,910,0.203,627,0.197
351,Chesnaught,0.00239,808,0.181,581,0.183
352,Furret,0.00236,187,0.042,131,0.041
353,Delphox,0.00233,1137,0.254,826,0.260
354,Crustle,0.00232,562,0.126,399,0.125
355,Tsareena,0.00230,692,0.155,474,0.149
356,Aggron,0.00227,1707,0.381,1235,0.388
357,Beartic,0.00225,307,0.069,196,0.062
358,Bewear,0.00223,368,0.082,263,0.083
359,Ferroseed,0.00222,215,0.048,170,0.053
360,Castform,0.00220,123,0.027,96,0.030
361,Mienshao,0.00218,549,0.123,367,0.115
362,Victreebel,0.00215,417,0.093,293,0.092
363,Emboar,0.00215,688,0.154,511,0.161
364,Phione,0.00214,47,0.011,29,0.009
365,Lurantis,0.00211,428,0.096,293,0.092
366,Mudsdale,0.00206,639,0.143,514,0.161
367,Type: Null,0.00204,119,0.027,95,0.030
368,Malamar,0.00201,1063,0.238,787,0.247
369,Nidoqueen,0.00200,645,0.144,504,0.158
370,Linoone,0.00199,645,0.144,505,0.159
371,Braviary,0.00198,545,0.122,346,0.109
372,Reuniclus,0.00194,762,0.170,512,0.161
373,Dragalge,0.00192,586,0.131,412,0.129
374,Lickilicky,0.00191,279,0.062,208,0.065
375,Blastoise,0.00190,1826,0.408,1299,0.408
376,Pidgeot-Mega,0.00188,1102,0.246,762,0.239
377,Raikou,0.00187,1111,0.248,765,0.240
378,Togedemaru,0.00186,710,0.159,544,0.171
379,Guzzlord,0.00185,825,0.184,602,0.189
380,Regigigas,0.00183,689,0.154,480,0.151
381,Hoopa,0.00180,289,0.065,200,0.063
382,Shiftry,0.00175,360,0.080,265,0.083
383,Venomoth,0.00174,198,0.044,120,0.038
384,Ninetales,0.00173,1157,0.259,843,0.265
385,Jellicent,0.00172,805,0.180,584,0.183
386,Steelix,0.00172,766,0.171,587,0.184
387,Torterra,0.00171,1506,0.337,1129,0.355
388,Swoobat,0.00169,320,0.072,223,0.070
389,Virizion,0.00168,385,0.086,232,0.073
390,Gligar,0.00168,121,0.027,97,0.030
391,Sandslash-Alola,0.00165,593,0.133,429,0.135
392,Lycanroc-Midnight,0.00165,1246,0.278,924,0.290
393,Clawitzer,0.00165,778,0.174,521,0.164
394,Toucannon,0.00163,252,0.056,169,0.053
395,Muk,0.00162,260,0.058,188,0.059
396,Druddigon,0.00157,188,0.042,144,0.045
397,Houndoom,0.00152,473,0.106,352,0.111
398,Riolu,0.00152,273,0.061,205,0.064
399,Dedenne,0.00151,367,0.082,222,0.070
400,Kangaskhan,0.00150,260,0.058,210,0.066
401,Walrein,0.00150,599,0.134,428,0.134
402,Golem,0.00147,595,0.133,469,0.147
403,Poliwrath,0.00145,741,0.166,554,0.174
404,Silvally-Steel,0.00145,128,0.029,80,0.025
405,Dusknoir,0.00142,986,0.220,712,0.224
406,Stoutland,0.00141,163,0.036,113,0.036
407,Qwilfish,0.00140,109,0.024,80,0.025
408,Zangoose,0.00139,477,0.107,333,0.105
409,Kingler,0.00134,386,0.086,280,0.088
410,Scrafty,0.00133,900,0.201,626,0.197
411,Gallade,0.00130,932,0.208,645,0.203
412,Marowak,0.00130,386,0.086,299,0.094
413,Mesprit,0.00129,102,0.023,76,0.024
414,Cradily,0.00126,630,0.141,443,0.139
415,Floatzel,0.00125,512,0.114,377,0.118
416,Gigalith,0.00123,538,0.120,393,0.123
417,Pyroar,0.00120,376,0.084,258,0.081
418,Electrode,0.00117,412,0.092,275,0.086
419,Altaria,0.00117,480,0.107,351,0.110
420,Escavalier,0.00116,374,0.084,251,0.079
421,Mawile,0.00114,276,0.062,184,0.058
422,Turtonator,0.00113,550,0.123,396,0.124
423,Dragonair,0.00110,188,0.042,127,0.040
424,Dodrio,0.00106,422,0.094,304,0.096
425,Jumpluff,0.00106,257,0.057,185,0.058
426,Trevenant,0.00103,889,0.199,618,0.194
427,Chimecho,0.00103,96,0.021,80,0.025
428,Golem-Alola,0.00101,728,0.163,556,0.175
429,Cacturne,0.00100,331,0.074,241,0.076
430,Leavanny,0.00100,378,0.084,294,0.092
431,Eevee,0.00098,336,0.075,227,0.071
432,Raticate-Alola,0.00098,163,0.036,139,0.044
433,Garbodor,0.00095,227,0.051,178,0.056
434,Dugtrio-Alola,0.00091,172,0.038,112,0.035
435,Rotom,0.00090,131,0.029,102,0.032
436,Jynx,0.00089,348,0.078,197,0.062
437,Dhelmise,0.00089,314,0.070,195,0.061
438,Butterfree,0.00087,378,0.084,266,0.084
439,Noctowl,0.00087,285,0.064,225,0.071
440,Raichu,0.00085,1454,0.325,979,0.308
441,Buizel,0.00079,112,0.025,92,0.029
442,Pangoro,0.00078,592,0.132,435,0.137
443,Tauros,0.00078,257,0.057,180,0.057
444,Cryogonal,0.00077,120,0.027,87,0.027
445,Gorebyss,0.00077,97,0.022,66,0.021
446,Bouffalant,0.00076,267,0.060,183,0.057
447,Diggersby,0.00076,297,0.066,215,0.068
448,Leafeon,0.00076,608,0.136,451,0.142
449,Samurott,0.00076,793,0.177,536,0.168
450,Staravia,0.00075,77,0.017,48,0.015
451,Persian,0.00075,282,0.063,224,0.070
452,Shaymin,0.00074,391,0.087,289,0.091
453,Carracosta,0.00074,552,0.123,408,0.128
454,Tropius,0.00072,306,0.068,190,0.060
455,Golbat,0.00071,84,0.019,63,0.020
456,Miltank,0.00071,533,0.119,383,0.120
457,Glaceon,0.00068,581,0.130,430,0.135
458,Rotom-Mow,0.00068,376,0.084,247,0.078
459,Absol,0.00068,488,0.109,356,0.112
460,Wishiwashi,0.00067,312,0.070,238,0.075
461,Slowking,0.00067,382,0.085,282,0.089
462,Magmortar,0.00067,814,0.182,611,0.192
463,Mimikyu-Totem,0.00066,88,0.020,59,0.019
464,Palossand,0.00066,263,0.059,216,0.068
465,Volbeat,0.00065,70,0.016,50,0.016
466,Carbink,0.00064,226,0.050,166,0.052
467,Ampharos,0.00064,726,0.162,480,0.151
468,Medicham,0.00064,327,0.073,231,0.073
469,Meowstic,0.00063,459,0.103,333,0.105
470,Swadloon,0.00062,34,0.008,24,0.008
471,Illumise,0.00059,165,0.037,144,0.045
472,Clamperl,0.00059,44,0.010,31,0.010
473,Klinklang,0.00058,185,0.041,130,0.041
474,Sandslash,0.00057,219,0.049,166,0.052
475,Simisear,0.00056,65,0.015,50,0.016
476,Exeggutor-Alola,0.00056,592,0.132,405,0.127
477,Heliolisk,0.00055,656,0.147,476,0.150
478,Hippopotas,0.00055,237,0.053,196,0.062
479,Heatmor,0.00055,91,0.020,56,0.018
480,Exploud,0.00055,321,0.072,255,0.080
481,Hariyama,0.00054,277,0.062,199,0.063
482,Gourgeist,0.00054,99,0.022,78,0.025
483,Sliggoo,0.00053,16,0.004,13,0.004
484,Mightyena,0.00053,339,0.076,256,0.080
485,Sudowoodo,0.00050,99,0.022,76,0.024
486,Granbull,0.00050,298,0.067,203,0.064
487,Vileplume,0.00050,444,0.099,317,0.100
488,Skuntank,0.00050,131,0.029,94,0.030
489,Musharna,0.00050,137,0.031,103,0.032
490,Flareon,0.00049,552,0.123,396,0.124
491,Shiinotic,0.00048,206,0.046,158,0.050
492,Kricketune,0.00048,241,0.054,213,0.067
493,Abra,0.00048,92,0.021,72,0.023
494,Abomasnow,0.00047,381,0.085,258,0.081
495,Camerupt-Mega,0.00046,412,0.092,311,0.098
496,Scyther,0.00045,394,0.088,261,0.082
497,Hakamo-o,0.00044,20,0.004,18,0.006
498,Magneton,0.00044,362,0.081,264,0.083
499,Huntail,0.00043,81,0.018,47,0.015
500,Honedge,0.00042,13,0.003,10,0.003
501,Stunfisk,0.00042,146,0.033,105,0.033
502,Togetic,0.00042,223,0.050,164,0.052
503,Jigglypuff,0.00041,156,0.035,111,0.035
504,Starly,0.00040,301,0.067,195,0.061
505,Farfetch'd,0.00039,102,0.023,71,0.022
506,Armaldo,0.00039,395,0.088,286,0.090
507,Pikachu-Alola,0.00038,187,0.042,127,0.040
508,Wynaut,0.00038,243,0.054,172,0.054
509,Wigglytuff,0.00038,267,0.060,171,0.054
510,Aurorus,0.00037,444,0.099,310,0.097
511,Crabominable,0.00036,298,0.067,211,0.066
512,Snover,0.00036,7,0.002,5,0.002
513,Pikachu-Original,0.00036,60,0.013,45,0.014
514,Purrloin,0.00035,47,0.011,42,0.013
515,Bellossom,0.00034,233,0.052,155,0.049
516,Wormadam,0.00034,16,0.004,12,0.004
517,Kecleon,0.00034,345,0.077,243,0.076
518,Bronzor,0.00034,14,0.003,13,0.004
519,Drifblim,0.00033,283,0.063,198,0.062
520,Cherrim,0.00033,73,0.016,47,0.015
521,Swanna,0.00033,276,0.062,220,0.069
522,Charmander,0.00033,100,0.022,70,0.022
523,Girafarig,0.00033,87,0.019,56,0.018
524,Gabite,0.00033,27,0.006,21,0.007
525,Haunter,0.00032,342,0.076,260,0.082
526,Pikachu-Sinnoh,0.00032,15,0.003,13,0.004
527,Dustox,0.00032,68,0.015,49,0.015
528,Cleffa,0.00030,38,0.008,24,0.008
529,Grumpig,0.00029,109,0.024,91,0.029
530,Psyduck,0.00029,57,0.013,45,0.014
531,Ponyta,0.00028,24,0.005,17,0.005
532,Komala,0.00028,239,0.053,174,0.055
533,Cubone,0.00028,32,0.007,25,0.008
534,Lumineon,0.00028,65,0.015,48,0.015
535,Whiscash,0.00027,155,0.035,125,0.039
536,Clefairy,0.00026,126,0.028,86,0.027
537,Simisage,0.00025,42,0.009,33,0.010
538,Silvally-Water,0.00025,126,0.028,93,0.029
539,Gurdurr,0.00025,40,0.009,29,0.009
540,Ralts,0.00025,137,0.031,85,0.027
541,Pikachu-Hoenn,0.00024,10,0.002,6,0.002
542,Bayleef,0.00024,79,0.018,62,0.019
543,Zebstrika,0.00024,313,0.070,209,0.066
544,Audino,0.00024,115,0.026,75,0.024
545,Rotom-Frost,0.00023,264,0.059,168,0.053
546,Cranidos,0.00023,25,0.006,16,0.005
547,Minun,0.00022,104,0.023,69,0.022
548,Chikorita,0.00022,20,0.004,12,0.004
549,Finneon,0.00022,4,0.001,3,0.001
550,Rapidash,0.00022,231,0.052,148,0.047
551,Rattata-Alola,0.00022,201,0.045,147,0.046
552,Gogoat,0.00022,245,0.055,172,0.054
553,Tangela,0.00021,136,0.030,101,0.032
554,Weedle,0.00021,53,0.012,32,0.010
555,Rotom-Fan,0.00021,69,0.015,54,0.017
556,Lombre,0.00020,12,0.003,8,0.003
557,Purugly,0.00019,87,0.019,66,0.021
558,Tirtouga,0.00019,55,0.012,46,0.014
559,Hypno,0.00019,127,0.028,92,0.029
560,Onix,0.00019,107,0.024,96,0.030
561,Pidgeot,0.00019,367,0.082,258,0.081
562,Cacnea,0.00018,7,0.002,6,0.002
563,Ledian,0.00018,49,0.011,36,0.011
564,Yamask,0.00018,173,0.039,106,0.033
565,Swalot,0.00018,86,0.019,64,0.020
566,Mr. Mime,0.00018,270,0.060,178,0.056
567,Arbok,0.00017,195,0.044,144,0.045
568,Primeape,0.00017,323,0.072,228,0.072
569,Wailord,0.00017,383,0.086,287,0.090
570,Munchlax,0.00016,116,0.026,77,0.024
571,Raticate,0.00016,242,0.054,179,0.056
572,Camerupt,0.00016,243,0.054,185,0.058
573,Manectric,0.00016,442,0.099,283,0.089
574,Parasect,0.00015,250,0.056,202,0.063
575,Magcargo,0.00015,162,0.036,118,0.037
576,Combusken,0.00015,105,0.023,79,0.025
577,Shellos,0.00015,79,0.018,20,0.006
578,Gourgeist-Super,0.00014,136,0.030,77,0.024
579,Timburr,0.00014,7,0.002,4,0.001
580,Natu,0.00014,110,0.025,88,0.028
581,Stantler,0.00014,32,0.007,28,0.009
582,Spinarak,0.00013,19,0.004,18,0.006
583,Silvally-Electric,0.00013,134,0.030,90,0.028
584,Misdreavus,0.00013,69,0.015,58,0.018
585,Silvally-Dragon,0.00013,156,0.035,100,0.031
586,Silvally-Fire,0.00013,107,0.024,83,0.026
587,Fearow,0.00013,123,0.027,90,0.028
588,Delibird,0.00012,74,0.017,61,0.019
589,Wartortle,0.00012,86,0.019,64,0.020
590,Ivysaur,0.00012,154,0.034,97,0.030
591,Ekans,0.00012,32,0.007,24,0.008
592,Pinsir,0.00012,134,0.030,86,0.027
593,Cosmog,0.00012,41,0.009,31,0.010
594,Frillish,0.00012,67,0.015,46,0.014
595,Vikavolt-Totem,0.00011,4,0.001,2,0.001
596,Mienfoo,0.00011,25,0.006,20,0.006
597,Staryu,0.00011,44,0.010,29,0.009
598,Vanilluxe,0.00011,162,0.036,119,0.037
599,Roselia,0.00011,197,0.044,177,0.056
600,Bulbasaur,0.00011,212,0.047,167,0.052
601,Carnivine,0.00011,79,0.018,64,0.020
602,Silvally-Fairy,0.00011,127,0.028,98,0.031
603,Oricorio,0.00010,48,0.011,35,0.011
604,Gastly,0.00010,153,0.034,98,0.031
605,Pawniard,0.00010,28,0.006,26,0.008
606,Spinda,0.00010,142,0.032,103,0.032
607,Pachirisu,0.00010,240,0.054,172,0.054
608,Fraxure,0.00010,27,0.006,20,0.006
609,NidoranF,0.00010,24,0.005,22,0.007
610,Duskull,0.00010,140,0.031,79,0.025
611,Silvally-Ghost,0.00010,115,0.026,78,0.025
612,Archen,0.00010,29,0.006,22,0.007
613,Delcatty,0.00009,106,0.024,86,0.027
614,Treecko,0.00009,145,0.032,87,0.027
615,Silvally-Ground,0.00009,76,0.017,52,0.016
616,Vespiquen,0.00009,243,0.054,171,0.054
617,Froakie,0.00009,36,0.008,26,0.008
618,Bruxish,0.00009,142,0.032,99,0.031
619,Slugma,0.00009,105,0.023,74,0.023
620,Charmeleon,0.00009,77,0.017,56,0.018
621,Dewgong,0.00008,122,0.027,96,0.030
622,Rhydon,0.00008,293,0.065,213,0.067
623,Beheeyem,0.00008,120,0.027,84,0.026
624,Spheal,0.00007,15,0.003,12,0.004
625,Braixen,0.00007,70,0.016,55,0.017
626,Watchog,0.00007,67,0.015,53,0.017
627,Salandit,0.00007,20,0.004,13,0.004
628,Carvanha,0.00007,194,0.043,157,0.049
629,Morelull,0.00007,9,0.002,6,0.002
630,Glalie,0.00007,147,0.033,114,0.036
631,Torchic,0.00006,43,0.010,31,0.010
632,Banette,0.00006,220,0.049,171,0.054
633,Passimian,0.00006,103,0.023,78,0.025
634,Vullaby,0.00006,5,0.001,2,0.001
635,Silvally-Dark,0.00006,98,0.022,68,0.021
636,Bidoof,0.00006,154,0.034,99,0.031
637,Salazzle-Totem,0.00006,26,0.006,19,0.006
638,Plusle,0.00005,52,0.012,43,0.014
639,Squirtle,0.00005,251,0.056,169,0.053
640,Silvally-Flying,0.00005,19,0.004,16,0.005
641,Relicanth,0.00005,72,0.016,57,0.018
642,Grotle,0.00005,28,0.006,16,0.005
643,Totodile,0.00005,82,0.018,59,0.019
644,Seaking,0.00005,108,0.024,71,0.022
645,Doduo,0.00005,153,0.034,85,0.027
646,Aromatisse,0.00004,73,0.016,52,0.016
647,Unfezant,0.00004,210,0.047,156,0.049
648,Bunnelby,0.00004,49,0.011,22,0.007
649,Poipole,0.00004,147,0.033,104,0.033
650,Mareanie,0.00004,24,0.005,19,0.006
651,Elekid,0.00004,25,0.006,19,0.006
652,Axew,0.00004,27,0.006,21,0.007
653,Lairon,0.00004,23,0.005,18,0.006
654,Geodude,0.00004,95,0.021,52,0.016
655,Octillery,0.00003,73,0.016,55,0.017
656,Tepig,0.00003,28,0.006,22,0.007
657,Kadabra,0.00003,53,0.012,42,0.013
658,Pancham,0.00003,31,0.007,16,0.005
659,Stunky,0.00003,5,0.001,0,0.000
660,Inkay,0.00003,35,0.008,29,0.009
661,Silvally-Ice,0.00003,116,0.026,76,0.024
662,Aipom,0.00003,46,0.010,36,0.011
663,Tentacool,0.00003,27,0.006,18,0.006
664,Mudkip,0.00003,100,0.022,78,0.025
665,Frogadier,0.00003,44,0.010,25,0.008
666,Tyrogue,0.00003,12,0.003,11,0.003
667,Swinub,0.00003,72,0.016,33,0.010
668,Meowth,0.00003,39,0.009,39,0.012
669,Buneary,0.00003,70,0.016,38,0.012
670,Pikachu-Kalos,0.00003,83,0.019,69,0.022
671,Oricorio-Sensu,0.00003,45,0.010,32,0.010
672,Oshawott,0.00003,60,0.013,46,0.014
673,Chimchar,0.00003,33,0.007,25,0.008
674,Eelektrik,0.00003,41,0.009,31,0.010
675,Lunatone,0.00003,60,0.013,41,0.013
676,Electabuzz,0.00002,76,0.017,53,0.017
677,Shuppet,0.00002,30,0.007,14,0.004
678,Araquanid-Totem,0.00002,9,0.002,8,0.003
679,Oranguru,0.00002,86,0.019,59,0.019
680,Beedrill,0.00002,257,0.057,182,0.057
681,Bonsly,0.00002,56,0.013,47,0.015
682,Cosmoem,0.00002,40,0.009,25,0.008
683,Gloom,0.00002,20,0.004,13,0.004
684,Gumshoos,0.00002,65,0.015,48,0.015
685,Munna,0.00002,44,0.010,31,0.010
686,Lickitung,0.00002,111,0.025,96,0.030
687,Poochyena,0.00002,15,0.003,14,0.004
688,Azurill,0.00002,19,0.004,18,0.006
689,Sunkern,0.00002,57,0.013,38,0.012
690,Omanyte,0.00002,58,0.013,43,0.014
691,Spewpa,0.00002,26,0.006,17,0.005
692,Snivy,0.00002,54,0.012,42,0.013
693,Simipour,0.00002,87,0.019,58,0.018
694,Croconaw,0.00002,26,0.006,19,0.006
695,Servine,0.00002,29,0.006,23,0.007
696,Voltorb,0.00002,18,0.004,11,0.003
697,Monferno,0.00002,103,0.023,87,0.027
698,Beautifly,0.00002,68,0.015,56,0.018
699,Maractus,0.00002,86,0.019,68,0.021
700,Metapod,0.00002,90,0.020,78,0.025
701,Houndour,0.00002,25,0.006,16,0.005
702,Porygon,0.00002,55,0.012,43,0.014
703,Silvally-Poison,0.00002,46,0.010,39,0.012
704,Shieldon,0.00002,26,0.006,15,0.005
705,Foongus,0.00002,22,0.005,18,0.006
706,Vigoroth,0.00002,49,0.011,42,0.013
707,Kommo-o-Totem,0.00002,94,0.021,53,0.017
708,Trumbeak,0.00002,20,0.004,15,0.005
709,Swirlix,0.00002,16,0.004,9,0.003
710,Silvally-Fighting,0.00002,23,0.005,19,0.006
711,Lampent,0.00002,14,0.003,12,0.004
712,Zorua,0.00002,50,0.011,18,0.006
713,Growlithe,0.00002,16,0.004,12,0.004
714,Skorupi,0.00002,5,0.001,3,0.001
715,Magmar,0.00001,59,0.013,37,0.012
716,Yanma,0.00001,32,0.007,24,0.008
717,Cutiefly,0.00001,9,0.002,8,0.003
718,Pichu,0.00001,71,0.016,59,0.019
719,Dwebble,0.00001,33,0.007,21,0.007
720,Klang,0.00001,8,0.002,7,0.002
721,Krokorok,0.00001,29,0.006,26,0.008
722,Deerling,0.00001,6,0.001,6,0.002
723,Fletchinder,0.00001,34,0.008,26,0.008
724,Cubchoo,0.00001,20,0.004,20,0.006
725,Meditite,0.00001,19,0.004,16,0.005
726,Minccino,0.00001,7,0.002,4,0.001
727,Weepinbell,0.00001,16,0.004,11,0.003
728,Duosion,0.00001,54,0.012,30,0.009
729,Graveler,0.00001,83,0.019,58,0.018
730,Skiploom,0.00001,10,0.002,7,0.002
731,Basculin,0.00001,42,0.009,25,0.008
732,Silvally-Grass,0.00001,34,0.008,25,0.008
733,Piloswine,0.00001,46,0.010,39,0.012
734,Togepi,0.00001,33,0.007,27,0.008
735,Rockruff,0.00001,44,0.010,36,0.011
736,Loudred,0.00001,5,0.001,3,0.001
737,Palpitoad,0.00001,108,0.024,85,0.027
738,Throh,0.00001,70,0.016,54,0.017
739,Wailmer,0.00001,20,0.004,19,0.006
740,Mudbray,0.00001,8,0.002,3,0.001
741,Koffing,0.00001,24,0.005,18,0.006
742,Mothim,0.00001,61,0.014,44,0.014
743,Pidgey,0.00001,46,0.010,39,0.012
744,Zweilous,0.00001,43,0.010,38,0.012
745,Helioptile,0.00001,10,0.002,4,0.001
746,Corsola,0.00001,58,0.013,44,0.014
747,Pignite,0.00001,42,0.009,31,0.010
748,Zubat,0.00001,43,0.010,28,0.009
749,Seadra,0.00001,39,0.009,28,0.009
750,Skitty,0.00001,8,0.002,7,0.002
751,Combee,0.00001,20,0.004,13,0.004
752,Feebas,0.00001,68,0.015,45,0.014
753,Marshtomp,0.00001,46,0.010,34,0.011
754,Sneasel,0.00001,48,0.011,33,0.010
755,Zigzagoon,0.00001,31,0.007,23,0.007
756,Luvdisc,0.00001,16,0.004,15,0.005
757,Sewaddle,0.00001,41,0.009,37,0.012
758,Amaura,0.00001,8,0.002,5,0.002
759,Chespin,0.00001,25,0.006,21,0.007
760,Seviper,0.00001,125,0.028,93,0.029
761,Quilladin,0.00001,22,0.005,21,0.007
762,Lotad,0.00001,22,0.005,21,0.007
763,Drifloon,0.00000,59,0.013,33,0.010
764,Krabby,0.00000,16,0.004,10,0.003
765,Kakuna,0.00000,35,0.008,29,0.009
766,Drilbur,0.00000,8,0.002,8,0.003
767,Wurmple,0.00000,17,0.004,15,0.005
768,Torracat,0.00000,89,0.020,68,0.021
769,Grimer,0.00000,20,0.004,16,0.005
770,Phanpy,0.00000,17,0.004,10,0.003
771,Klink,0.00000,20,0.004,14,0.004
772,Poliwhirl,0.00000,47,0.011,36,0.011
773,Spritzee,0.00000,9,0.002,9,0.003
774,Spoink,0.00000,7,0.002,5,0.002
775,Roggenrola,0.00000,39,0.009,27,0.008
776,Cascoon,0.00000,9,0.002,5,0.002
777,Silcoon,0.00000,15,0.003,12,0.004
778,Shellder,0.00000,120,0.027,95,0.030
779,Pidgeotto,0.00000,39,0.009,29,0.009
780,Jangmo-o,0.00000,27,0.006,20,0.006
781,Woobat,0.00000,24,0.005,19,0.006
782,Numel,0.00000,50,0.011,36,0.011
783,Brionne,0.00000,18,0.004,13,0.004
784,Unown,0.00000,59,0.013,52,0.016
785,Whirlipede,0.00000,48,0.011,46,0.014
786,Noibat,0.00000,19,0.004,15,0.005
787,Popplio,0.00000,38,0.008,30,0.009
788,Stufful,0.00000,16,0.004,15,0.005
789,Hoppip,0.00000,12,0.003,10,0.003
790,Lileep,0.00000,20,0.004,13,0.004
791,Gible,0.00000,31,0.007,23,0.007
792,Scatterbug,0.00000,3,0.001,2,0.001
793,Shroomish,0.00000,17,0.004,12,0.004
794,Mankey,0.00000,30,0.007,24,0.008
795,Vulpix-Alola,0.00000,80,0.018,53,0.017
796,Electrike,0.00000,15,0.003,8,0.003
797,Dewott,0.00000,75,0.017,59,0.019
798,Quilava,0.00000,35,0.008,28,0.009
799,Wormadam-Trash,0.00000,35,0.008,21,0.007
800,Machop,0.00000,21,0.005,14,0.004
801,Sunflora,0.00000,68,0.015,48,0.015
802,Venipede,0.00000,28,0.006,25,0.008
803,Paras,0.00000,20,0.004,9,0.003
804,Kirlia,0.00000,15,0.003,11,0.003
805,Sandshrew-Alola,0.00000,12,0.003,9,0.003
806,Crabrawler,0.00000,12,0.003,8,0.003
807,Shinx,0.00000,14,0.003,12,0.004
808,Pikachu-Partner,0.00000,50,0.011,34,0.011
809,Lillipup,0.00000,13,0.003,11,0.003
810,Poliwag,0.00000,21,0.005,17,0.005
811,Pansage,0.00000,17,0.004,13,0.004
812,Vulpix,0.00000,46,0.010,28,0.009
813,Kricketot,0.00000,9,0.002,8,0.003
814,Croagunk,0.00000,19,0.004,18,0.006
815,Rowlet,0.00000,60,0.013,46,0.014
816,Sandshrew,0.00000,29,0.006,27,0.008
817,Flaaffy,0.00000,9,0.002,7,0.002
818,Yungoos,0.00000,6,0.001,4,0.001
819,Mantyke,0.00000,4,0.001,4,0.001
820,Phantump,0.00000,16,0.004,10,0.003
821,Deino,0.00000,5,0.001,3,0.001
822,Patrat,0.00000,8,0.002,8,0.003
823,Binacle,0.00000,38,0.008,16,0.005
824,Grovyle,0.00000,35,0.008,19,0.006
825,Silvally-Psychic,0.00000,18,0.004,12,0.004
826,Litwick,0.00000,6,0.001,4,0.001
827,Turtwig,0.00000,9,0.002,6,0.002
828,Bounsweet,0.00000,5,0.001,3,0.001
829,Litleo,0.00000,14,0.003,10,0.003
830,Larvesta,0.00000,12,0.003,10,0.003
831,Mime Jr.,0.00000,10,0.002,7,0.002
832,Metang,0.00000,19,0.004,15,0.005
833,Floette,0.00000,48,0.011,28,0.009
834,Pikachu-Unova,0.00000,33,0.007,27,0.008
835,Dartrix,0.00000,37,0.008,29,0.009
836,Happiny,0.00000,13,0.003,12,0.004
837,Nuzleaf,0.00000,12,0.003,10,0.003
838,Silvally-Rock,0.00000,16,0.004,11,0.003
839,Wooper,0.00000,10,0.002,7,0.002
840,Marowak-Alola-Totem,0.00000,19,0.004,14,0.004
841,Vanillish,0.00000,22,0.005,13,0.004
842,Corphish,0.00000,41,0.009,32,0.010
843,Oddish,0.00000,12,0.003,11,0.003
844,Grimer-Alola,0.00000,7,0.002,3,0.001
845,Seedot,0.00000,10,0.002,9,0.003
846,Slakoth,0.00000,13,0.003,5,0.002
847,Luxio,0.00000,17,0.004,14,0.004
848,Darumaka,0.00000,12,0.003,9,0.003
849,Litten,0.00000,49,0.011,32,0.010
850,Dratini,0.00000,11,0.002,10,0.003
851,Bagon,0.00000,15,0.003,6,0.002
852,Hoothoot,0.00000,6,0.001,5,0.002
853,Remoraid,0.00000,5,0.001,5,0.002
854,Pidove,0.00000,4,0.001,4,0.001
855,Fennekin,0.00000,32,0.007,21,0.007
856,Surskit,0.00000,19,0.004,17,0.005
857,Machoke,0.00000,35,0.008,26,0.008
858,Steenee,0.00000,12,0.003,6,0.002
859,Shelgon,0.00000,23,0.005,11,0.003
860,Prinplup,0.00000,11,0.002,10,0.003
861,Ducklett,0.00000,11,0.002,6,0.002
862,Rhyhorn,0.00000,75,0.017,39,0.012
863,Igglybuff,0.00000,9,0.002,9,0.003
864,NidoranM,0.00000,74,0.017,71,0.022
865,Goomy,0.00000,12,0.003,5,0.002
866,Graveler-Alola,0.00000,18,0.004,15,0.005
867,Magby,0.00000,12,0.003,11,0.003
868,Tranquill,0.00000,13,0.003,10,0.003
869,Goldeen,0.00000,11,0.002,6,0.002
870,Charjabug,0.00000,23,0.005,20,0.006
871,Pumpkaboo-Super,0.00000,7,0.002,3,0.001
872,Trubbish,0.00000,14,0.003,11,0.003
873,Piplup,0.00000,21,0.005,15,0.005
874,Wimpod,0.00000,15,0.003,8,0.003
875,Budew,0.00000,2,0.000,2,0.001
876,Herdier,0.00000,18,0.004,14,0.004
877,Glameow,0.00000,2,0.000,1,0.000
878,Tyrunt,0.00000,72,0.016,47,0.015
879,Karrablast,0.00000,10,0.002,9,0.003
880,Bergmite,0.00000,99,0.022,47,0.015
881,Vanillite,0.00000,4,0.001,2,0.001
882,Elgyem,0.00000,2,0.000,2,0.001
883,Skrelp,0.00000,9,0.002,6,0.002
884,Horsea,0.00000,1,0.000,1,0.000
885,Cyndaquil,0.00000,31,0.007,15,0.005
886,Nincada,0.00000,6,0.001,4,0.001
887,Snorunt,0.00000,7,0.002,5,0.002
888,Joltik,0.00000,9,0.002,8,0.003
889,Scraggy,0.00000,15,0.003,11,0.003
890,Gourgeist-Large,0.00000,1,0.000,1,0.000
891,Geodude-Alola,0.00000,31,0.007,22,0.007
892,Marill,0.00000,22,0.005,16,0.005
893,Silvally-Bug,0.00000,16,0.004,10,0.003
894,Drowzee,0.00000,32,0.007,28,0.009
895,Seel,0.00000,19,0.004,14,0.004
896,Boldore,0.00000,17,0.004,16,0.005
897,Golett,0.00000,3,0.001,3,0.001
898,Vibrava,0.00000,11,0.002,10,0.003
899,Grubbin,0.00000,1,0.000,1,0.000
900,Pikipek,0.00000,4,0.001,4,0.001
901,Panpour,0.00000,14,0.003,9,0.003
902,Mareep,0.00000,27,0.006,22,0.007
903,Nidorino,0.00000,11,0.002,10,0.003
904,Larvitar,0.00000,49,0.011,27,0.008
905,Pupitar,0.00000,8,0.002,4,0.001
906,Smoochum,0.00000,5,0.001,5,0.002
907,Pansear,0.00000,12,0.003,10,0.003
908,Sandile,0.00000,16,0.004,6,0.002
909,Flabebe,0.00000,8,0.002,6,0.002
910,Sentret,0.00000,3,0.001,2,0.001
911,Chingling,0.00000,10,0.002,10,0.003
912,Exeggcute,0.00000,18,0.004,5,0.002
913,Gourgeist-Small,0.00000,7,0.002,5,0.002
914,Diglett-Alola,0.00000,9,0.002,7,0.002
915,Dewpider,0.00000,9,0.002,6,0.002
916,Venonat,0.00000,6,0.001,6,0.002
917,Fomantis,0.00000,1,0.000,1,0.000
918,Gumshoos-Totem,0.00000,3,0.001,2,0.001
919,Cherubi,0.00000,8,0.002,8,0.003
920,Bellsprout,0.00000,4,0.001,3,0.001
921,Tynamo,0.00000,11,0.002,5,0.002
922,Snubbull,0.00000,7,0.002,6,0.002
923,Spearow,0.00000,9,0.002,6,0.002
924,Skiddo,0.00000,2,0.000,1,0.000
925,Ledyba,0.00000,6,0.001,4,0.001
926,Nidorina,0.00000,6,0.001,5,0.002
927,Whismur,0.00000,5,0.001,5,0.002
928,Sealeo,0.00000,1,0.000,1,0.000
929,Pumpkaboo,0.00000,6,0.001,3,0.001
930,Sandygast,0.00000,18,0.004,14,0.004
931,Chinchou,0.00000,4,0.001,4,0.001
932,Gulpin,0.00000,4,0.001,4,0.001
933,Wingull,0.00000,7,0.002,5,0.002
934,Baltoy,0.00000,3,0.001,3,0.001
935,Raticate-Alola-Totem,0.00000,2,0.000,1,0.000
936,Oricorio-Pa'u,0.00000,3,0.001,2,0.001
937,Beldum,0.00000,5,0.001,5,0.002
938,Wormadam-Sandy,0.00000,2,0.000,2,0.001
939,Meowth-Alola,0.00000,11,0.002,9,0.003
940,Clauncher,0.00000,1,0.000,1,0.000
941,Swablu,0.00000,5,0.001,2,0.001
942,Teddiursa,0.00000,17,0.004,12,0.004
943,Ribombee-Totem,0.00000,1,0.000,1,0.000
944,Kabuto,0.00000,7,0.002,7,0.002
945,Makuhita,0.00000,1,0.000,1,0.000
946,Pumpkaboo-Large,0.00000,2,0.000,2,0.001
947,Shelmet,0.00000,2,0.000,2,0.001
948,Anorith,0.00000,1,0.000,1,0.000
949,Lurantis-Totem,0.00000,3,0.001,2,0.001
950,Espurr,0.00000,15,0.003,12,0.004
951,Fletchling,0.00000,10,0.002,8,0.003
