Rank,Pokemon,Usage %,Raw,Raw %,Real,Real %
1,Tyranitar,72.49020,19345,41.032,16142,42.415
2,Swampert,55.82345,16871,35.785,13797,36.254
3,Skarmory,43.74809,13473,28.577,12221,32.112
4,Metagross,39.47321,14496,30.747,11984,31.490
5,Blissey,31.98167,10964,23.255,8910,23.412
6,Salamence,30.94258,12939,27.445,10516,27.632
7,Gengar,30.43837,15269,32.387,12235,32.149
8,Zapdos,28.65329,9310,19.747,8427,22.143
9,Magneton,28.05954,8583,18.205,6303,16.562
10,Snorlax,25.23093,12040,25.538,9673,25.417
11,Celebi,23.95904,9829,20.848,8156,21.431
12,Suicune,18.13324,7312,15.509,5982,15.719
13,Dugtrio,17.37221,8553,18.142,6220,16.344
14,Jirachi,14.94708,5075,10.764,4082,10.726
15,Aerodactyl,13.75444,6393,13.560,4718,12.397
16,Starmie,11.19371,5681,12.050,4393,11.543
17,Claydol,11.00048,4111,8.720,3212,8.440
18,Moltres,10.90799,1953,4.142,1611,4.233
19,Jolteon,8.85806,6241,13.238,5387,14.155
20,Flygon,8.43632,4137,8.775,3156,8.293
21,Cloyster,8.01065,3266,6.927,2808,7.378
22,Heracross,7.40666,5571,11.816,4295,11.286
23,Milotic,5.05360,4117,8.732,3266,8.582
24,Gyarados,4.84301,3872,8.213,3160,8.303
25,Venusaur,4.17366,2054,4.357,1798,4.724
26,Forretress,4.05366,3904,8.281,3417,8.979
27,Smeargle,2.87214,1145,2.429,896,2.354
28,Jynx,2.46395,828,1.756,705,1.852
29,Charizard,2.35235,1857,3.939,1474,3.873
30,Vaporeon,2.24043,2442,5.180,1783,4.685
31,Marowak,2.09811,1482,3.143,1066,2.801
32,Medicham,2.08846,1703,3.612,1264,3.321
33,Porygon2,2.06340,1387,2.942,1075,2.825
34,Raikou,2.00274,1461,3.099,1091,2.867
35,Hariyama,1.80001,1113,2.361,965,2.536
36,Machamp,1.45090,775,1.644,627,1.648
37,Gardevoir,1.36978,1205,2.556,866,2.276
38,Breloom,1.33469,2452,5.201,1908,5.014
39,Camerupt,1.29763,740,1.570,623,1.637
40,Umbreon,1.29010,2125,4.507,1691,4.443
41,Steelix,0.94077,682,1.447,579,1.521
42,Mr.-Mime,0.88449,1115,2.365,755,1.984
43,Mantine,0.86940,179,0.380,147,0.386
44,Ninjask,0.78574,2203,4.673,2053,5.395
45,Scizor,0.74322,1263,2.679,983,2.583
46,Kingdra,0.72583,1315,2.789,962,2.528
47,Regice,0.70829,2064,4.378,1693,4.449
48,Weezing,0.60322,2049,4.346,1710,4.493
49,Houndoom,0.53935,1434,3.042,1096,2.880
50,Blaziken,0.48912,2581,5.474,2054,5.397
51,Rhydon,0.47688,746,1.582,558,1.466
52,Dusclops,0.46010,1778,3.771,1468,3.857
53,Cradily,0.42663,526,1.116,307,0.807
54,Donphan,0.42638,275,0.583,231,0.607
55,Glalie,0.39629,216,0.458,200,0.526
56,Ludicolo,0.39430,1285,2.726,1030,2.706
57,Quagsire,0.35771,148,0.314,124,0.326
58,Articuno,0.30278,426,0.904,325,0.854
59,Mawile,0.30024,178,0.378,128,0.336
60,Alakazam,0.29647,2122,4.501,1630,4.283
61,Exeggutor,0.25984,804,1.705,620,1.629
62,Hypno,0.25735,123,0.261,100,0.263
63,Arcanine,0.25421,1201,2.547,1018,2.675
64,Armaldo,0.23777,524,1.111,373,0.980
65,Miltank,0.21069,665,1.411,518,1.361
66,Cacturne,0.15595,465,0.986,390,1.025
67,Electrode,0.14682,131,0.278,108,0.284
68,Slaking,0.13825,893,1.894,772,2.029
69,Aggron,0.12079,664,1.408,485,1.274
70,Dragonite,0.11514,969,2.055,757,1.989
71,Exploud,0.10294,132,0.280,74,0.194
72,Swellow,0.08896,291,0.617,226,0.594
73,Registeel,0.07763,615,1.304,530,1.393
74,Sceptile,0.07372,1887,4.002,1527,4.012
75,Pikachu,0.06811,220,0.467,184,0.483
76,Crobat,0.06117,460,0.976,344,0.904
77,Nidoking,0.05405,310,0.658,233,0.612
78,Lunatone,0.05362,314,0.666,264,0.694
79,Lapras,0.05355,692,1.468,561,1.474
80,Ursaring,0.05251,354,0.751,242,0.636
81,Tentacruel,0.04973,369,0.783,283,0.744
82,Gligar,0.04885,125,0.265,99,0.260
83,Wailord,0.04632,119,0.252,60,0.158
84,Sableye,0.04287,175,0.371,140,0.368
85,Poliwrath,0.03835,294,0.624,238,0.625
86,Sandslash,0.03702,195,0.414,133,0.349
87,Espeon,0.03540,392,0.831,311,0.817
88,Walrein,0.02879,230,0.488,198,0.520
89,Omastar,0.02785,131,0.278,103,0.271
90,Ampharos,0.02668,193,0.409,158,0.415
91,Kabutops,0.02495,60,0.127,37,0.097
92,Regirock,0.02441,383,0.812,297,0.780
93,Tauros,0.01821,381,0.808,319,0.838
94,Zangoose,0.01784,159,0.337,109,0.286
95,Altaria,0.01698,171,0.363,133,0.349
96,Typhlosion,0.01042,261,0.554,195,0.512
97,Entei,0.01041,92,0.195,77,0.202
98,Slowbro,0.00852,340,0.721,284,0.746
99,Jumpluff,0.00782,160,0.339,122,0.321
100,Dodrio,0.00724,198,0.420,152,0.399
101,Hitmonchan,0.00634,188,0.399,141,0.370
102,Sudowoodo,0.00606,44,0.093,37,0.097
103,Haunter,0.00515,21,0.045,13,0.034
104,Hitmontop,0.00495,40,0.085,33,0.087
105,Blastoise,0.00492,321,0.681,265,0.696
106,Lanturn,0.00434,124,0.263,94,0.247
107,Raichu,0.00419,166,0.352,136,0.357
108,Misdreavus,0.00344,130,0.276,116,0.305
109,Octillery,0.00334,77,0.163,43,0.113
110,Lickitung,0.00305,46,0.098,37,0.097
111,Seviper,0.00299,172,0.365,139,0.365
112,Golduck,0.00271,54,0.115,41,0.108
113,Chansey,0.00257,103,0.218,84,0.221
114,Torkoal,0.00233,144,0.305,100,0.263
115,Solrock,0.00204,90,0.191,66,0.173
116,Flareon,0.00188,139,0.295,103,0.271
117,Victreebel,0.00162,123,0.261,95,0.250
118,Pinsir,0.00151,116,0.246,87,0.229
119,Kangaskhan,0.00137,89,0.189,76,0.200
120,Granbull,0.00131,35,0.074,31,0.081
121,Volbeat,0.00128,32,0.068,25,0.066
122,Clefable,0.00123,39,0.083,33,0.087
123,Shedinja,0.00102,146,0.310,87,0.229
124,Clamperl,0.00101,47,0.100,13,0.034
125,Absol,0.00094,156,0.331,132,0.347
126,Shiftry,0.00086,116,0.246,98,0.258
127,Qwilfish,0.00084,71,0.151,71,0.187
128,Piloswine,0.00079,37,0.078,29,0.076
129,Nosepass,0.00078,25,0.053,17,0.045
130,Ninetales,0.00074,309,0.655,239,0.628
131,Shuckle,0.00071,219,0.465,152,0.399
132,Venomoth,0.00070,50,0.106,42,0.110
133,Dunsparce,0.00070,73,0.155,48,0.126
134,Linoone,0.00064,71,0.151,58,0.152
135,Murkrow,0.00061,21,0.045,17,0.045
136,Magmar,0.00055,25,0.053,20,0.053
137,Nidoqueen,0.00051,106,0.225,95,0.250
138,Electabuzz,0.00049,323,0.685,260,0.683
139,Rapidash,0.00043,48,0.102,32,0.084
140,Sneasel,0.00038,19,0.040,15,0.039
141,Meganium,0.00036,42,0.089,35,0.092
142,Relicanth,0.00036,28,0.059,18,0.047
143,Tropius,0.00034,71,0.151,58,0.152
144,Corsola,0.00034,12,0.025,7,0.018
145,Feraligatr,0.00025,53,0.112,43,0.113
146,Vileplume,0.00025,86,0.182,63,0.166
147,Roselia,0.00024,52,0.110,48,0.126
148,Butterfree,0.00024,44,0.093,41,0.108
149,Arbok,0.00020,57,0.121,43,0.113
150,Gorebyss,0.00016,67,0.142,50,0.131
151,Fearow,0.00015,30,0.064,22,0.058
152,Delcatty,0.00013,34,0.072,25,0.066
153,Swalot,0.00013,82,0.174,69,0.181
154,Furret,0.00013,4,0.008,4,0.011
155,Hitmonlee,0.00012,57,0.121,39,0.102
156,Golem,0.00010,66,0.140,54,0.142
157,Manectric,0.00008,195,0.414,151,0.397
158,Pidgeot,0.00007,58,0.123,39,0.102
159,Scyther,0.00007,52,0.110,45,0.118
160,Sharpedo,0.00007,95,0.202,69,0.181
161,Banette,0.00007,242,0.513,185,0.486
162,Girafarig,0.00007,40,0.085,32,0.084
163,Primeape,0.00006,34,0.072,24,0.063
164,Slowking,0.00006,58,0.123,43,0.113
165,Duskull,0.00005,3,0.006,3,0.008
166,Grumpig,0.00005,49,0.104,38,0.100
167,Beedrill,0.00004,45,0.095,36,0.095
168,Parasect,0.00004,51,0.108,39,0.102
169,Castform,0.00004,20,0.042,11,0.029
170,Chimecho,0.00004,9,0.019,8,0.021
171,Crawdaunt,0.00004,23,0.049,14,0.037
172,Mightyena,0.00003,100,0.212,85,0.223
173,Huntail,0.00002,23,0.049,16,0.042
174,Muk,0.00001,48,0.102,39,0.102
175,Azumarill,0.00001,116,0.246,63,0.166
176,Kecleon,0.00001,52,0.110,33,0.087
177,Politoed,0.00001,18,0.038,18,0.047
178,Vigoroth,0.00001,22,0.047,19,0.050
179,Dustox,0.00001,28,0.059,18,0.047
180,Raticate,0.00001,16,0.034,14,0.037
181,Xatu,0.00001,29,0.062,22,0.058
182,Aipom,0.00000,24,0.051,18,0.047
183,Unown,0.00000,3,0.006,2,0.005
184,Wigglytuff,0.00000,24,0.051,14,0.037
185,Pelipper,0.00000,20,0.042,16,0.042
186,Stantler,0.00000,37,0.078,31,0.081
187,Kingler,0.00000,115,0.244,89,0.234
188,Machoke,0.00000,4,0.008,4,0.011
189,Seadra,0.00000,9,0.019,9,0.024
190,Golbat,0.00000,3,0.006,2,0.005
191,Pupitar,0.00000,5,0.011,3,0.008
192,Delibird,0.00000,8,0.017,7,0.018
193,Chinchou,0.00000,4,0.008,4,0.011
194,Metang,0.00000,17,0.036,12,0.032
195,Corphish,0.00000,38,0.081,36,0.095
196,Persian,0.00000,28,0.059,23,0.060
197,Doduo,0.00000,9,0.019,9,0.024
198,Dragonair,0.00000,10,0.021,8,0.021
199,Aron,0.00000,8,0.017,7,0.018
200,Kirlia,0.00000,6,0.013,4,0.011
201,Ditto,0.00000,13,0.028,10,0.026
202,Ledian,0.00000,6,0.013,5,0.013
203,Weepinbell,0.00000,2,0.004,1,0.003
204,Abra,0.00000,8,0.017,7,0.018
205,Venonat,0.00000,2,0.004,2,0.005
206,Magcargo,0.00000,7,0.015,5,0.013
207,Marshtomp,0.00000,14,0.030,13,0.034
208,Farfetch'd,0.00000,8,0.017,4,0.011
209,Dewgong,0.00000,37,0.078,27,0.071
210,Beautifly,0.00000,7,0.015,3,0.008
211,Seaking,0.00000,10,0.021,9,0.024
212,Tangela,0.00000,8,0.017,8,0.021
213,Sunflora,0.00000,12,0.025,6,0.016
214,Whiscash,0.00000,44,0.093,32,0.084
215,Eevee,0.00000,12,0.025,9,0.024
216,Bellossom,0.00000,26,0.055,23,0.060
217,Yanma,0.00000,7,0.015,6,0.016
218,Togetic,0.00000,13,0.028,10,0.026
219,Ariados,0.00000,11,0.023,7,0.018
220,Metapod,0.00000,3,0.006,3,0.008
221,Caterpie,0.00000,3,0.006,3,0.008
222,Kakuna,0.00000,4,0.008,3,0.008
223,Weedle,0.00000,3,0.006,3,0.008
224,Meowth,0.00000,1,0.002,1,0.003
225,Cyndaquil,0.00000,1,0.002,1,0.003
226,Shelgon,0.00000,5,0.011,5,0.013
227,Loudred,0.00000,2,0.004,2,0.005
228,Lombre,0.00000,2,0.004,2,0.005
229,Graveler,0.00000,4,0.008,4,0.011
230,Growlithe,0.00000,1,0.002,1,0.003
231,Kadabra,0.00000,2,0.004,1,0.003
232,Mareep,0.00000,2,0.004,2,0.005
233,Azurill,0.00000,1,0.002,1,0.003
234,Barboach,0.00000,1,0.002,1,0.003
235,Grovyle,0.00000,5,0.011,4,0.011
236,Minun,0.00000,7,0.015,5,0.013
237,Mudkip,0.00000,7,0.015,7,0.018
238,Charmeleon,0.00000,3,0.006,2,0.005
239,Wailmer,0.00000,1,0.002,1,0.003
240,Shellder,0.00000,1,0.002,1,0.003
241,Mankey,0.00000,1,0.002,1,0.003
242,Dratini,0.00000,1,0.002,1,0.003
243,Pineco,0.00000,5,0.011,4,0.011
244,Feebas,0.00000,1,0.002,1,0.003
245,Lotad,0.00000,1,0.002,1,0.003
246,Psyduck,0.00000,3,0.006,3,0.008
247,Slakoth,0.00000,4,0.008,4,0.011
248,Noctowl,0.00000,9,0.019,7,0.018
249,Skitty,0.00000,1,0.002,1,0.003
250,Vibrava,0.00000,4,0.008,2,0.005
251,Meditite,0.00000,3,0.006,3,0.008
252,Magikarp,0.00000,5,0.011,4,0.011
253,Plusle,0.00000,12,0.025,9,0.024
254,Pidgeotto,0.00000,2,0.004,2,0.005
255,Rattata,0.00000,5,0.011,5,0.013
256,Squirtle,0.00000,2,0.004,2,0.005
257,Vulpix,0.00000,3,0.006,3,0.008
258,Bellsprout,0.00000,1,0.002,1,0.003
259,Snorunt,0.00000,4,0.008,4,0.011
260,Swablu,0.00000,1,0.002,1,0.003
261,Electrike,0.00000,1,0.002,1,0.003
262,Makuhita,0.00000,1,0.002,1,0.003
263,Masquerain,0.00000,22,0.047,16,0.042
264,Luvdisc,0.00000,2,0.004,2,0.005
265,Spheal,0.00000,1,0.002,1,0.003
266,Bayleef,0.00000,1,0.002,1,0.003
267,Anorith,0.00000,1,0.002,1,0.003
268,Taillow,0.00000,3,0.006,2,0.005
269,Ivysaur,0.00000,2,0.004,2,0.005
270,Totodile,0.00000,2,0.004,2,0.005
271,Gastly,0.00000,4,0.008,4,0.011
272,Goldeen,0.00000,1,0.002,1,0.003
273,Combusken,0.00000,11,0.023,10,0.026
274,Porygon,0.00000,1,0.002,1,0.003
275,Carvanha,0.00000,2,0.004,2,0.005
276,Whismur,0.00000,2,0.004,1,0.003
277,Spinda,0.00000,5,0.011,3,0.008
278,Shuppet,0.00000,1,0.002,1,0.003
279,Beldum,0.00000,1,0.002,1,0.003
280,Exeggcute,0.00000,4,0.008,3,0.008
281,Lairon,0.00000,4,0.008,4,0.011
282,Flaaffy,0.00000,1,0.002,1,0.003
283,Shroomish,0.00000,1,0.002,1,0.003
284,Slugma,0.00000,4,0.008,4,0.011
285,NidoranF,0.00000,1,0.002,1,0.003
286,Wurmple,0.00000,3,0.006,2,0.005
287,Cascoon,0.00000,2,0.004,1,0.003
288,Pichu,0.00000,1,0.002,1,0.003
289,Nincada,0.00000,2,0.004,2,0.005
290,Magby,0.00000,1,0.002,0,0.000
291,Illumise,0.00000,4,0.008,4,0.011
292,Magnemite,0.00000,7,0.015,7,0.018
293,Surskit,0.00000,2,0.004,1,0.003
294,Sealeo,0.00000,2,0.004,2,0.005
295,Ralts,0.00000,2,0.004,2,0.005
296,Treecko,0.00000,4,0.008,4,0.011
297,Trapinch,0.00000,4,0.008,2,0.005
298,Machop,0.00000,1,0.002,0,0.000
299,Cacnea,0.00000,1,0.002,1,0.003
300,Horsea,0.00000,1,0.002,1,0.003
301,Numel,0.00000,1,0.002,1,0.003
302,Poochyena,0.00000,1,0.002,1,0.003
303,Seedot,0.00000,1,0.002,1,0.003
304,Sentret,0.00000,2,0.004,2,0.005
305,Nuzleaf,0.00000,4,0.008,2,0.005
306,Voltorb,0.00000,2,0.004,1,0.003
307,Torchic,0.00000,2,0.004,2,0.005
308,Gulpin,0.00000,1,0.002,1,0.003
309,Cubone,0.00000,2,0.004,2,0.005
310,Onix,0.00000,5,0.011,5,0.013
311,Bagon,0.00000,2,0.004,2,0.005
312,Zigzagoon,0.00000,2,0.004,2,0.005
313,Spoink,0.00000,3,0.006,2,0.005
314,Staryu,0.00000,3,0.006,3,0.008
315,Wingull,0.00000,3,0.006,3,0.008
316,Ledyba,0.00000,1,0.002,1,0.003
317,Bulbasaur,0.00000,1,0.002,1,0.003
318,Silcoon,0.00000,3,0.006,2,0.005
319,Remoraid,0.00000,1,0.002,1,0.003
