Rank,Pokemon,Usage %,Raw,Raw %,Real,Real %
1,Scizor,48.83406,166311,28.847,134667,29.325
2,Latias,26.28622,98330,17.056,74861,16.301
3,Krookodile,24.41485,78480,13.613,66703,14.525
4,Hydreigon,20.43384,96468,16.733,76448,16.647
5,Altaria-Mega,18.41123,64437,11.177,47839,10.417
6,Gligar,17.47474,51785,8.982,44627,9.718
7,Rotom-Heat,15.74602,72250,12.532,61596,13.413
8,Blissey,14.89602,46457,8.058,36655,7.982
9,Infernape,13.91505,97480,16.908,76229,16.599
10,Primarina,13.65710,49593,8.602,40708,8.864
11,Sharpedo-Mega,13.40625,42069,7.297,29798,6.489
12,Amoonguss,12.50000,56390,9.781,45421,9.891
13,Tentacruel,11.66160,48963,8.493,40364,8.790
14,Mimikyu,11.18981,25647,4.449,19214,4.184
15,Manectric-Mega,10.95440,60540,10.501,48459,10.552
16,Cobalion,10.50237,36398,6.313,30021,6.537
17,Alomomola,9.99831,27184,4.715,22104,4.813
18,Aerodactyl-Mega,9.96840,51485,8.930,39072,8.508
19,Togekiss,9.72222,57395,9.955,43982,9.577
20,Hippowdon,9.58216,41578,7.212,37002,8.057
21,Terrakion,9.38539,31641,5.488,24009,5.228
22,Empoleon,9.11105,58042,10.068,49778,10.839
23,Aggron-Mega,8.86108,42067,7.297,36029,7.846
24,Bisharp,8.46858,47438,8.228,36401,7.927
25,Klefki,8.46004,40677,7.056,35319,7.691
26,Azelf,7.39350,46578,8.079,42139,9.176
27,Celebi,7.01967,46227,8.018,35845,7.805
28,Quagsire,7.01785,10166,1.763,7890,1.718
29,Lucario,6.62310,35916,6.230,26801,5.836
30,Nihilego,6.55631,30299,5.255,23872,5.198
31,Mamoswine,6.43300,53005,9.194,43939,9.568
32,Swampert,6.37214,46962,8.146,42359,9.224
33,Gengar,6.15004,45687,7.925,33370,7.267
34,Zeraora,5.73865,69273,12.016,54599,11.889
35,Sylveon,5.73326,44205,7.667,33102,7.208
36,Crawdaunt,5.60505,39327,6.821,31174,6.788
37,Feraligatr,5.35754,35272,6.118,26739,5.823
38,Doublade,5.11224,26090,4.525,20847,4.540
39,Chesnaught,4.83414,39998,6.938,32636,7.107
40,Starmie,4.67536,41132,7.134,32241,7.021
41,Steelix-Mega,4.61203,18757,3.253,16205,3.529
42,Chandelure,4.54484,46906,8.136,35324,7.692
43,Moltres,4.31102,24991,4.335,20247,4.409
44,Muk-Alola,4.25425,37436,6.493,30747,6.695
45,Nidoking,4.10181,41708,7.234,32841,7.151
46,Suicune,4.04611,33382,5.790,26873,5.852
47,Magneton,3.98405,24248,4.206,19054,4.149
48,Froslass,3.79265,8840,1.533,8253,1.797
49,Beedrill-Mega,3.72140,69778,12.103,54145,11.790
50,Volcanion,3.53195,32180,5.582,26394,5.747
51,Haxorus,3.47524,35522,6.161,25759,5.609
52,Slowbro-Mega,3.41670,11510,1.996,9127,1.987
53,Bewear,3.15097,6455,1.120,4963,1.081
54,Kyurem,3.10357,9996,1.734,7582,1.651
55,Nidoqueen,2.79835,6486,1.125,5600,1.219
56,Florges,2.78772,10545,1.829,8070,1.757
57,Pidgeot-Mega,2.61370,28134,4.880,21362,4.652
58,Araquanid,2.38885,14668,2.544,13240,2.883
59,Slowbro,2.26212,9650,1.674,7778,1.694
60,Blastoise-Mega,2.22645,12555,2.178,10389,2.262
61,Mantine,2.18723,7137,1.238,5983,1.303
62,Rhyperior,2.12585,6634,1.151,5620,1.224
63,Linoone,2.11589,13009,2.256,9384,2.043
64,Crobat,2.09355,40082,6.952,31650,6.892
65,Xatu,2.02282,6000,1.041,5027,1.095
66,Mienshao,1.87825,12897,2.237,10612,2.311
67,Reuniclus,1.77843,13701,2.376,10308,2.245
68,Umbreon,1.73782,14855,2.577,11618,2.530
69,Necrozma,1.72800,4158,0.721,3414,0.743
70,Stakataka,1.62647,11415,1.980,9015,1.963
71,Heracross,1.57768,13106,2.273,10026,2.183
72,Rotom-Mow,1.51706,9347,1.621,7710,1.679
73,Roserade,1.49498,11173,1.938,8633,1.880
74,Sceptile-Mega,1.49139,14959,2.595,11453,2.494
75,Tornadus,1.44997,7658,1.328,6129,1.335
76,Pyukumuku,1.42508,2655,0.461,2016,0.439
77,Decidueye,1.35796,5235,0.908,4034,0.878
78,Seismitoad,1.27130,4484,0.778,4081,0.889
79,Tsareena,1.23637,7858,1.363,6316,1.375
80,Talonflame,1.20298,8206,1.423,6342,1.381
81,Porygon2,1.15585,7149,1.240,5555,1.210
82,Diancie,1.07774,4622,0.802,3902,0.850
83,Donphan,1.05816,11489,1.993,9892,2.154
84,Entei,1.02816,8122,1.409,6359,1.385
85,Bronzong,0.95742,7193,1.248,6521,1.420
86,Houndoom-Mega,0.95735,7922,1.374,5933,1.292
87,Forretress,0.91601,10804,1.874,9710,2.114
88,Darmanitan,0.90288,17321,3.004,13751,2.994
89,Meloetta,0.90010,6960,1.207,5184,1.129
90,Absol-Mega,0.88396,15390,2.669,12272,2.672
91,Honchkrow,0.85814,7926,1.375,5877,1.280
92,Cresselia,0.85676,7879,1.367,6029,1.313
93,Marowak-Alola,0.83853,7045,1.222,5401,1.176
94,Snorlax,0.80034,10268,1.781,8050,1.753
95,Kingdra,0.79665,4166,0.723,3174,0.691
96,Smeargle,0.77689,2960,0.513,2672,0.582
97,Toxicroak,0.77044,7433,1.289,5636,1.227
98,Arcanine,0.75230,13972,2.423,11051,2.406
99,Jellicent,0.72890,4072,0.706,3365,0.733
100,Hoopa,0.64501,2515,0.436,1911,0.416
101,Uxie,0.60023,4288,0.744,3949,0.860
102,Articuno,0.55871,1937,0.336,1580,0.344
103,Golisopod,0.53559,4822,0.836,3983,0.867
104,Zygarde-10,0.53003,3784,0.656,2919,0.636
105,Silvally-Steel,0.52859,706,0.122,611,0.133
106,Venomoth,0.46679,5214,0.904,3827,0.833
107,Raikou,0.46337,5728,0.994,4469,0.973
108,Heliolisk,0.45466,2281,0.396,1728,0.376
109,Galvantula,0.42513,13267,2.301,11883,2.588
110,Metagross,0.41546,9921,1.721,8000,1.742
111,Ditto,0.40817,4909,0.851,3835,0.835
112,Abomasnow-Mega,0.37434,2068,0.359,1662,0.362
113,Salazzle,0.37262,5867,1.018,4406,0.959
114,Ampharos-Mega,0.36893,5437,0.943,4185,0.911
115,Weezing,0.35958,2858,0.496,2458,0.535
116,Flygon,0.35287,8255,1.432,6354,1.384
117,Espeon,0.35126,14927,2.589,11470,2.498
118,Mimikyu-Totem,0.34416,214,0.037,162,0.035
119,Stoutland,0.33928,2492,0.432,1969,0.429
120,Gastrodon,0.33773,3491,0.606,2870,0.625
121,Incineroar,0.33595,4746,0.823,3964,0.863
122,Ribombee,0.32759,4833,0.838,4134,0.900
123,Shaymin,0.30657,3141,0.545,2467,0.537
124,Cloyster,0.30412,10380,1.800,7894,1.719
125,Camerupt-Mega,0.28340,2456,0.426,1981,0.431
126,Mandibuzz,0.28272,5120,0.888,4135,0.900
127,Virizion,0.27678,1974,0.342,1511,0.329
128,Milotic,0.27394,11185,1.940,9057,1.972
129,Whimsicott,0.26203,4798,0.832,3863,0.841
130,Aerodactyl,0.24863,2615,0.454,2368,0.516
131,Palossand,0.24408,2240,0.389,1916,0.417
132,Shuckle,0.24383,5587,0.969,4997,1.088
133,Banette-Mega,0.22621,4245,0.736,3289,0.716
134,Cofagrigus,0.22427,4639,0.805,3805,0.829
135,Lanturn,0.22210,1643,0.285,1327,0.289
136,Gigalith,0.21542,2330,0.404,2007,0.437
137,Noivern,0.21216,4401,0.763,3354,0.730
138,Lycanroc-Dusk,0.20537,3465,0.601,2743,0.597
139,Barbaracle,0.20273,1796,0.312,1343,0.292
140,Sandslash-Alola,0.20248,1831,0.318,1512,0.329
141,Glalie-Mega,0.19949,1682,0.292,1350,0.294
142,Avalugg,0.16824,1168,0.203,879,0.191
143,Shedinja,0.16726,1226,0.213,842,0.183
144,Scrafty,0.16589,3171,0.550,2505,0.545
145,Typhlosion,0.15813,2865,0.497,2118,0.461
146,Golbat,0.15247,616,0.107,468,0.102
147,Goodra,0.15136,6874,1.192,5300,1.154
148,Clefairy,0.15117,329,0.057,259,0.056
149,Comfey,0.14686,3246,0.563,2495,0.543
150,Gardevoir,0.14602,9232,1.601,6623,1.442
151,Registeel,0.14090,2518,0.437,2140,0.466
152,Pyroar,0.13840,521,0.090,401,0.087
153,Zoroark,0.13444,8927,1.548,4380,0.954
154,Aurorus,0.13340,1696,0.294,1508,0.328
155,Kabutops,0.12857,1482,0.257,1200,0.261
156,Durant,0.12813,5043,0.875,3879,0.845
157,Slowking,0.12797,2601,0.451,1989,0.433
158,Braviary,0.12783,1615,0.280,1260,0.274
159,Slurpuff,0.12246,4547,0.789,3295,0.718
160,Vaporeon,0.12139,6299,1.093,5058,1.101
161,Vileplume,0.11588,1557,0.270,1232,0.268
162,Omastar,0.11580,1150,0.199,969,0.211
163,Mudsdale,0.11575,2043,0.354,1676,0.365
164,Dhelmise,0.11376,3048,0.529,2429,0.529
165,Tyrantrum,0.11203,2116,0.367,1545,0.336
166,Sharpedo,0.10714,3981,0.691,3036,0.661
167,Audino-Mega,0.10569,1354,0.235,1022,0.223
168,Qwilfish,0.10437,970,0.168,831,0.181
169,Tangela,0.10417,1117,0.194,860,0.187
170,Raichu-Alola,0.10127,920,0.160,689,0.150
171,Swellow,0.10064,4407,0.764,3215,0.700
172,Machamp,0.09994,5786,1.004,4747,1.034
173,Venusaur,0.08704,4608,0.799,3561,0.775
174,Accelgor,0.08443,2087,0.362,1779,0.387
175,Silvally-Fairy,0.08420,571,0.099,485,0.106
176,Mesprit,0.08123,461,0.080,383,0.083
177,Druddigon,0.08106,1836,0.318,1584,0.345
178,Crabominable,0.08034,629,0.109,462,0.101
179,Rotom-Frost,0.07989,608,0.105,487,0.106
180,Probopass,0.07445,687,0.119,594,0.129
181,Hitmonlee,0.07396,1851,0.321,1386,0.302
182,Pangoro,0.07297,1356,0.235,1082,0.236
183,Klinklang,0.07211,718,0.125,563,0.123
184,Jolteon,0.07047,7469,1.296,5925,1.290
185,Kangaskhan,0.06776,244,0.042,212,0.046
186,Roselia,0.06749,52,0.009,46,0.010
187,Delphox,0.06656,1991,0.345,1533,0.334
188,Archeops,0.06507,1126,0.195,940,0.205
189,Piloswine,0.06336,419,0.073,368,0.080
190,Sneasel,0.06044,770,0.134,591,0.129
191,Granbull,0.05571,690,0.120,532,0.116
192,Eelektross,0.05373,2694,0.467,2185,0.476
193,Escavalier,0.05328,2148,0.373,1732,0.377
194,Vikavolt,0.05298,2032,0.352,1566,0.341
195,Electrode,0.05060,1161,0.201,1028,0.224
196,Exeggutor-Alola,0.04655,1236,0.214,967,0.211
197,Clawitzer,0.04569,1173,0.203,881,0.192
198,Yanmega,0.04560,2950,0.512,2297,0.500
199,Dusclops,0.04263,2295,0.398,1880,0.409
200,Lycanroc,0.04041,1197,0.208,941,0.205
201,Audino,0.03923,704,0.122,588,0.128
202,Exploud,0.03920,1064,0.185,836,0.182
203,Minior,0.03897,2143,0.372,1576,0.343
204,Politoed,0.03765,580,0.101,470,0.102
205,Drapion,0.03689,3465,0.601,2723,0.593
206,Liepard,0.03482,932,0.162,742,0.162
207,Ferroseed,0.03425,750,0.130,635,0.138
208,Hitmontop,0.03373,1867,0.324,1517,0.330
209,Cinccino,0.03339,1975,0.343,1433,0.312
210,Claydol,0.03321,1652,0.287,1402,0.305
211,Silvally-Rock,0.03229,14,0.002,12,0.003
212,Dragalge,0.03214,2209,0.383,1693,0.369
213,Ambipom,0.03076,4080,0.708,3411,0.743
214,Aron,0.03002,386,0.067,286,0.062
215,Steelix,0.02852,2485,0.431,2053,0.447
216,Sigilyph,0.02699,2579,0.447,1933,0.421
217,Torkoal,0.02694,1231,0.214,1036,0.226
218,Marill,0.02644,102,0.018,82,0.018
219,Kadabra,0.02530,464,0.080,357,0.078
220,Mismagius,0.02505,1628,0.282,1210,0.263
221,Malamar,0.02465,2823,0.490,2161,0.471
222,Cryogonal,0.02260,1040,0.180,832,0.181
223,Houndoom,0.02247,703,0.122,511,0.111
224,Hariyama,0.02222,958,0.166,766,0.167
225,Rampardos,0.02173,1142,0.198,829,0.181
226,Persian-Alola,0.02049,1724,0.299,1468,0.320
227,Bouffalant,0.01838,705,0.122,498,0.108
228,Gourgeist-Super,0.01717,715,0.124,599,0.130
229,Blastoise,0.01711,1954,0.339,1620,0.353
230,Rotom,0.01700,506,0.088,424,0.092
231,Jynx,0.01685,673,0.117,534,0.116
232,Lilligant,0.01666,1020,0.177,785,0.171
233,Vanilluxe,0.01658,1159,0.201,918,0.200
234,Medicham,0.01623,1021,0.177,786,0.171
235,Togedemaru,0.01611,1184,0.205,953,0.208
236,Charizard,0.01578,1766,0.306,1370,0.298
237,Aromatisse,0.01559,568,0.099,441,0.096
238,Carbink,0.01543,450,0.078,394,0.086
239,Komala,0.01507,639,0.111,495,0.108
240,Silvally-Water,0.01467,130,0.023,109,0.024
241,Mr.-Mime,0.01438,688,0.119,548,0.119
242,Hitmonchan,0.01407,1049,0.182,817,0.178
243,Lurantis,0.01378,889,0.154,712,0.155
244,Emboar,0.01361,1085,0.188,852,0.186
245,Kecleon,0.01355,1016,0.176,819,0.178
246,Torterra,0.01352,2476,0.429,1978,0.431
247,Ursaring,0.01350,1102,0.191,875,0.191
248,Sceptile,0.01191,1617,0.280,1212,0.264
249,Golem,0.01189,521,0.090,447,0.097
250,Meowstic,0.01163,1217,0.211,1043,0.227
251,Lapras,0.01090,1486,0.258,1213,0.264
252,Spiritomb,0.01082,1279,0.222,1002,0.218
253,Miltank,0.01061,1300,0.225,982,0.214
254,Poliwrath,0.00968,956,0.166,757,0.165
255,Victreebel,0.00955,564,0.098,443,0.096
256,Masquerain,0.00931,570,0.099,480,0.105
257,Tauros,0.00898,940,0.163,702,0.153
258,Cradily,0.00884,1279,0.222,1017,0.221
259,Lickilicky,0.00880,437,0.076,340,0.074
260,Silvally-Poison,0.00878,34,0.006,30,0.007
261,Vivillon,0.00868,1471,0.255,1101,0.240
262,Wishiwashi,0.00863,478,0.083,330,0.072
263,Aggron,0.00861,1691,0.293,1367,0.298
264,Ninjask,0.00861,651,0.113,493,0.107
265,Regice,0.00859,866,0.150,646,0.141
266,Trevenant,0.00823,1771,0.307,1362,0.297
267,Electivire,0.00812,1975,0.343,1501,0.327
268,Garbodor,0.00806,338,0.059,290,0.063
269,Gallade,0.00796,1900,0.330,1362,0.297
270,Ludicolo,0.00796,1247,0.216,1004,0.219
271,Zangoose,0.00780,917,0.159,697,0.152
272,Ariados,0.00746,618,0.107,548,0.119
273,Scyther,0.00740,1010,0.175,754,0.164
274,Flareon,0.00718,1551,0.269,1203,0.262
275,Passimian,0.00706,678,0.118,570,0.124
276,Slaking,0.00704,1681,0.292,1331,0.290
277,Chimecho,0.00694,205,0.036,129,0.028
278,Dusknoir,0.00690,1516,0.263,1204,0.262
279,Silvally-Ground,0.00679,74,0.013,49,0.011
280,Magmortar,0.00647,1119,0.194,810,0.176
281,Mightyena,0.00641,239,0.041,186,0.041
282,Shiftry,0.00626,730,0.127,548,0.119
283,Sawsbuck,0.00618,870,0.151,660,0.144
284,Pikachu,0.00612,1271,0.220,985,0.214
285,Glaceon,0.00608,1565,0.271,1142,0.249
286,Golem-Alola,0.00594,1177,0.204,878,0.191
287,Noctowl,0.00587,680,0.118,521,0.113
288,Meganium,0.00559,873,0.151,656,0.143
289,Cacturne,0.00555,777,0.135,598,0.130
290,Turtonator,0.00550,662,0.115,496,0.108
291,Sableye,0.00542,1689,0.293,1381,0.301
292,Carracosta,0.00532,964,0.167,762,0.166
293,Dodrio,0.00511,795,0.138,577,0.126
294,Mareanie,0.00491,96,0.017,81,0.018
295,Bruxish,0.00490,887,0.154,665,0.145
296,Samurott,0.00477,623,0.108,496,0.108
297,Magby,0.00469,7,0.001,6,0.001
298,Dunsparce,0.00464,224,0.039,179,0.039
299,Sawk,0.00454,365,0.063,282,0.061
300,Taillow,0.00432,133,0.023,105,0.023
301,Luxray,0.00422,1367,0.237,1096,0.239
302,Staravia,0.00414,39,0.007,30,0.007
303,Silvally,0.00411,388,0.067,321,0.070
304,Leafeon,0.00406,1264,0.219,895,0.195
305,Shiinotic,0.00404,542,0.094,424,0.092
306,Musharna,0.00401,207,0.036,166,0.036
307,Kingler,0.00399,797,0.138,644,0.140
308,Haunter,0.00383,295,0.051,242,0.053
309,Regirock,0.00375,772,0.134,649,0.141
310,Tropius,0.00373,396,0.069,321,0.070
311,Volbeat,0.00364,170,0.029,137,0.030
312,Floatzel,0.00363,633,0.110,475,0.103
313,Gogoat,0.00342,375,0.065,282,0.061
314,Crustle,0.00342,583,0.101,474,0.103
315,Arbok,0.00341,396,0.069,329,0.072
316,Swoobat,0.00334,499,0.087,364,0.079
317,Regigigas,0.00324,553,0.096,460,0.100
318,Dugtrio-Alola,0.00313,675,0.117,543,0.118
319,Gorebyss,0.00310,249,0.043,199,0.043
320,Bibarel,0.00289,425,0.074,355,0.077
321,Skuntank,0.00286,361,0.063,280,0.061
322,Sandslash,0.00284,531,0.092,454,0.099
323,Onix,0.00281,118,0.020,109,0.024
324,Beheeyem,0.00280,417,0.072,311,0.068
325,Mawile,0.00272,327,0.057,279,0.061
326,Solrock,0.00271,124,0.022,101,0.022
327,Gurdurr,0.00266,784,0.136,640,0.139
328,Pinsir,0.00262,298,0.052,228,0.050
329,Prinplup,0.00253,44,0.008,36,0.008
330,Rhydon,0.00249,866,0.150,718,0.156
331,Golurk,0.00245,867,0.150,708,0.154
332,Murkrow,0.00245,719,0.125,553,0.120
333,Beartic,0.00239,387,0.067,284,0.062
334,Vulpix-Alola,0.00233,117,0.020,98,0.021
335,Ivysaur,0.00233,177,0.031,139,0.030
336,Rotom-Fan,0.00231,220,0.038,179,0.039
337,Servine,0.00223,295,0.051,226,0.049
338,Dugtrio,0.00220,475,0.082,407,0.089
339,Muk,0.00220,357,0.062,277,0.060
340,Toucannon,0.00216,561,0.097,420,0.091
341,Dewgong,0.00215,107,0.019,92,0.020
342,Abomasnow,0.00213,288,0.050,232,0.051
343,Silvally-Dragon,0.00212,62,0.011,48,0.010
344,Wailord,0.00212,270,0.047,208,0.045
345,Caterpie,0.00210,7,0.001,6,0.001
346,Absol,0.00207,691,0.120,534,0.116
347,Lileep,0.00204,29,0.005,25,0.005
348,Leavanny,0.00202,405,0.070,332,0.072
349,Raticate-Alola,0.00198,175,0.030,142,0.031
350,Dragonair,0.00189,279,0.048,211,0.046
351,Simisear,0.00172,62,0.011,49,0.011
352,Emolga,0.00165,405,0.070,305,0.066
353,Walrein,0.00164,367,0.064,285,0.062
354,Silvally-Ghost,0.00163,105,0.018,84,0.018
355,Swirlix,0.00161,160,0.028,153,0.033
356,Togetic,0.00155,452,0.078,350,0.076
357,Drampa,0.00147,830,0.144,640,0.139
358,Swalot,0.00144,110,0.019,83,0.018
359,Armaldo,0.00138,535,0.093,428,0.093
360,Butterfree,0.00138,443,0.077,335,0.073
361,Type:-Null,0.00134,499,0.087,324,0.071
362,Lycanroc-Midnight,0.00129,614,0.106,490,0.107
363,Raticate,0.00128,233,0.040,176,0.038
364,Ninetales,0.00126,1067,0.185,792,0.172
365,Oricorio-Pom-Pom,0.00123,94,0.016,70,0.015
366,Primeape,0.00117,504,0.087,395,0.086
367,Silvally-Fire,0.00114,174,0.030,124,0.027
368,Bellsprout,0.00110,17,0.003,14,0.003
369,Wormadam-Trash,0.00110,114,0.020,105,0.023
370,Zebstrika,0.00105,340,0.059,278,0.061
371,Whiscash,0.00103,178,0.031,140,0.030
372,Zigzagoon,0.00101,24,0.004,19,0.004
373,Jumpluff,0.00096,343,0.059,271,0.059
374,Heatmor,0.00096,278,0.048,225,0.049
375,Sudowoodo,0.00094,206,0.036,152,0.033
376,Dedenne,0.00092,497,0.086,386,0.084
377,Bastiodon,0.00087,494,0.086,434,0.095
378,Rapidash,0.00086,569,0.099,466,0.101
379,Raichu,0.00086,629,0.109,517,0.113
380,Silvally-Electric,0.00083,116,0.020,96,0.021
381,Wobbuffet,0.00083,223,0.039,186,0.041
382,Delcatty,0.00083,211,0.037,158,0.034
383,Silvally-Grass,0.00077,41,0.007,29,0.006
384,Illumise,0.00077,186,0.032,139,0.030
385,Girafarig,0.00077,231,0.040,174,0.038
386,Gumshoos,0.00075,413,0.072,307,0.067
387,Ampharos,0.00073,485,0.084,389,0.085
388,Manectric,0.00071,512,0.089,392,0.085
389,Marowak,0.00070,246,0.043,165,0.036
390,Drifblim,0.00070,608,0.105,469,0.102
391,Clamperl,0.00067,248,0.043,190,0.041
392,Sealeo,0.00063,5,0.001,3,0.001
393,Unfezant,0.00062,428,0.074,332,0.072
394,Poipole,0.00061,94,0.016,57,0.012
395,Maractus,0.00058,232,0.040,200,0.044
396,Meowth,0.00058,86,0.015,82,0.018
397,Wormadam-Sandy,0.00057,42,0.007,39,0.008
398,Magcargo,0.00056,341,0.059,278,0.061
399,Exeggutor,0.00055,622,0.108,454,0.099
400,Gourgeist,0.00054,38,0.007,27,0.006
401,Chatot,0.00054,394,0.068,312,0.068
402,Relicanth,0.00054,174,0.030,137,0.030
403,Voltorb,0.00052,24,0.004,24,0.005
404,Tranquill,0.00052,8,0.001,7,0.002
405,Hypno,0.00052,240,0.042,184,0.040
406,Lopunny,0.00050,526,0.091,424,0.092
407,Beedrill,0.00046,141,0.024,111,0.024
408,Hakamo-o,0.00046,82,0.014,70,0.015
409,Wigglytuff,0.00046,285,0.049,235,0.051
410,Pineco,0.00046,223,0.039,200,0.044
411,Vespiquen,0.00042,249,0.043,184,0.040
412,Golett,0.00042,10,0.002,8,0.002
413,Guzzlord,0.00040,416,0.072,291,0.063
414,Duosion,0.00040,61,0.011,41,0.009
415,Beautifly,0.00039,132,0.023,96,0.021
416,Golduck,0.00039,274,0.048,216,0.047
417,Hippopotas,0.00037,51,0.009,40,0.009
418,Dustox,0.00035,128,0.022,102,0.022
419,Nosepass,0.00035,125,0.022,97,0.021
420,Ledian,0.00034,115,0.020,95,0.021
421,Lickitung,0.00034,124,0.022,94,0.020
422,Shelgon,0.00033,50,0.009,41,0.009
423,Combusken,0.00032,207,0.036,173,0.038
424,Seadra,0.00032,68,0.012,58,0.013
425,Bellossom,0.00032,524,0.091,378,0.082
426,Silvally-Flying,0.00032,83,0.014,62,0.014
427,Kricketune,0.00030,177,0.031,144,0.031
428,Throh,0.00029,228,0.040,189,0.041
429,Cottonee,0.00028,138,0.024,99,0.022
430,Sandshrew,0.00025,14,0.002,13,0.003
431,Machoke,0.00024,159,0.028,121,0.026
432,Unown,0.00024,33,0.006,23,0.005
433,Pachirisu,0.00024,181,0.031,141,0.031
434,Simisage,0.00023,206,0.036,150,0.033
435,Chinchou,0.00023,8,0.001,6,0.001
436,Persian,0.00023,287,0.050,230,0.050
437,Parasect,0.00023,306,0.053,238,0.052
438,Oricorio-Sensu,0.00022,216,0.037,142,0.031
439,Misdreavus,0.00022,95,0.016,79,0.017
440,Magmar,0.00022,159,0.028,124,0.027
441,Octillery,0.00022,213,0.037,153,0.033
442,Fletchling,0.00022,16,0.003,16,0.003
443,Banette,0.00022,64,0.011,49,0.011
444,Spheal,0.00020,21,0.004,17,0.004
445,Silvally-Dark,0.00020,38,0.007,28,0.006
446,Bidoof,0.00019,55,0.010,43,0.009
447,Vigoroth,0.00019,124,0.022,82,0.018
448,Swanna,0.00018,365,0.063,274,0.060
449,Huntail,0.00018,91,0.016,63,0.014
450,Farfetch'd,0.00018,238,0.041,177,0.039
451,Stunfisk,0.00018,267,0.046,207,0.045
452,Seviper,0.00017,182,0.032,129,0.028
453,Porygon,0.00017,76,0.013,63,0.014
454,Graveler,0.00017,83,0.014,66,0.014
455,Delibird,0.00016,70,0.012,55,0.012
456,Riolu,0.00016,126,0.022,99,0.022
457,Quilladin,0.00016,25,0.004,20,0.004
458,Eevee,0.00015,253,0.044,197,0.043
459,Gourgeist-Large,0.00015,12,0.002,11,0.002
460,Spoink,0.00015,21,0.004,20,0.004
461,Fearow,0.00015,139,0.024,110,0.024
462,Grovyle,0.00015,32,0.006,23,0.005
463,Furret,0.00014,345,0.060,310,0.068
464,Simipour,0.00014,178,0.031,128,0.028
465,Corsola,0.00014,154,0.027,120,0.026
466,Wartortle,0.00013,188,0.033,137,0.030
467,Gothitelle,0.00013,268,0.046,183,0.040
468,Seaking,0.00012,311,0.054,230,0.050
469,Krokorok,0.00012,141,0.024,100,0.022
470,Gabite,0.00012,167,0.029,142,0.031
471,Silvally-Fighting,0.00012,43,0.007,28,0.006
472,Oranguru,0.00012,206,0.036,164,0.036
473,Yanma,0.00012,20,0.003,17,0.004
474,Darumaka,0.00012,3,0.001,3,0.001
475,Grumpig,0.00012,121,0.021,93,0.020
476,Altaria,0.00011,235,0.041,173,0.038
477,Carnivine,0.00011,83,0.014,64,0.014
478,Furfrou,0.00010,290,0.050,230,0.050
479,Lumineon,0.00010,68,0.012,52,0.011
480,Venonat,0.00009,23,0.004,17,0.004
481,Purugly,0.00009,228,0.040,181,0.039
482,Silvally-Ice,0.00008,34,0.006,19,0.004
483,Basculin,0.00008,170,0.029,146,0.032
484,Frogadier,0.00008,120,0.021,97,0.021
485,Meowth-Alola,0.00007,8,0.001,6,0.001
486,Chingling,0.00007,40,0.007,24,0.005
487,Sunflora,0.00007,103,0.018,71,0.015
488,Metang,0.00007,41,0.007,29,0.006
489,Drilbur,0.00006,18,0.003,18,0.004
490,Silvally-Bug,0.00006,32,0.006,25,0.005
491,Rockruff,0.00006,34,0.006,22,0.005
492,Bulbasaur,0.00005,74,0.013,56,0.012
493,Baltoy,0.00005,5,0.001,4,0.001
494,Nidorina,0.00005,8,0.001,6,0.001
495,Solosis,0.00005,71,0.012,43,0.009
496,Dewpider,0.00005,19,0.003,15,0.003
497,Spinarak,0.00005,9,0.002,9,0.002
498,Joltik,0.00005,5,0.001,5,0.001
499,Swinub,0.00005,25,0.004,20,0.004
500,Treecko,0.00005,39,0.007,28,0.006
501,Cherrim,0.00004,83,0.014,63,0.014
502,Munchlax,0.00004,71,0.012,49,0.011
503,Oricorio,0.00004,48,0.008,35,0.008
504,Rattata,0.00004,191,0.033,152,0.033
505,Shelmet,0.00004,9,0.002,5,0.001
506,Crabrawler,0.00004,20,0.003,16,0.003
507,Aipom,0.00003,26,0.005,20,0.004
508,Glalie,0.00003,169,0.029,119,0.026
509,Pignite,0.00003,45,0.008,34,0.007
510,Oshawott,0.00003,22,0.004,19,0.004
511,Bonsly,0.00003,14,0.002,12,0.003
512,Watchog,0.00003,99,0.017,79,0.017
513,Poliwhirl,0.00003,64,0.011,54,0.012
514,Dartrix,0.00003,9,0.002,5,0.001
515,Boldore,0.00003,43,0.007,37,0.008
516,Frillish,0.00003,14,0.002,10,0.002
517,Piplup,0.00002,53,0.009,50,0.011
518,Whirlipede,0.00002,70,0.012,42,0.009
519,Quilava,0.00002,60,0.010,45,0.010
520,Buneary,0.00002,24,0.004,20,0.004
521,Plusle,0.00002,28,0.005,24,0.005
522,Omanyte,0.00002,25,0.004,17,0.004
523,Mothim,0.00002,73,0.013,44,0.010
524,Corphish,0.00002,42,0.007,35,0.008
525,Chespin,0.00002,21,0.004,19,0.004
526,Tentacool,0.00002,52,0.009,49,0.011
527,Camerupt,0.00002,119,0.021,102,0.022
528,Swadloon,0.00002,97,0.017,87,0.019
529,Spinda,0.00002,148,0.026,125,0.027
530,Electabuzz,0.00002,130,0.023,110,0.024
531,Pidgeot,0.00001,147,0.025,116,0.025
532,Torracat,0.00001,67,0.012,53,0.012
533,Araquanid-Totem,0.00001,43,0.007,31,0.007
534,Monferno,0.00001,27,0.005,23,0.005
535,Staryu,0.00001,33,0.006,24,0.005
536,Stantler,0.00001,119,0.021,103,0.022
537,Gloom,0.00001,51,0.009,42,0.009
538,Bayleef,0.00001,102,0.018,82,0.018
539,Vulpix,0.00001,17,0.003,12,0.003
540,Gourgeist-Small,0.00001,74,0.013,61,0.013
541,Charjabug,0.00001,46,0.008,40,0.009
542,Dewott,0.00001,22,0.004,16,0.003
543,Lairon,0.00001,53,0.009,38,0.008
544,Marshtomp,0.00001,50,0.009,43,0.009
545,Surskit,0.00001,15,0.003,15,0.003
546,Ralts,0.00001,68,0.012,39,0.008
547,Shellos,0.00001,2,0.000,2,0.000
548,Braixen,0.00001,58,0.010,46,0.010
549,Pikachu-Hoenn,0.00001,24,0.004,16,0.003
550,Graveler-Alola,0.00001,45,0.008,34,0.007
551,Magnemite,0.00001,71,0.012,37,0.008
552,Castform,0.00000,107,0.019,99,0.022
553,Slowpoke,0.00000,35,0.006,30,0.007
554,Woobat,0.00000,15,0.003,12,0.003
555,Zubat,0.00000,16,0.003,12,0.003
556,Growlithe,0.00000,10,0.002,6,0.001
557,Snorunt,0.00000,18,0.003,16,0.003
558,Sliggoo,0.00000,21,0.004,20,0.004
559,Skitty,0.00000,21,0.004,19,0.004
560,NidoranM,0.00000,6,0.001,6,0.001
561,Salandit,0.00000,9,0.002,9,0.002
562,Vikavolt-Totem,0.00000,9,0.002,5,0.001
563,Wormadam,0.00000,24,0.004,19,0.004
564,Remoraid,0.00000,38,0.007,31,0.007
565,Cutiefly,0.00000,17,0.003,12,0.003
566,Klang,0.00000,17,0.003,15,0.003
567,Rattata-Alola,0.00000,32,0.006,25,0.005
568,Lunatone,0.00000,81,0.014,69,0.015
569,Shellder,0.00000,8,0.001,7,0.002
570,Azurill,0.00000,7,0.001,5,0.001
571,Grotle,0.00000,25,0.004,23,0.005
572,Pupitar,0.00000,44,0.008,39,0.008
573,Goomy,0.00000,12,0.002,11,0.002
574,Pidgey,0.00000,6,0.001,6,0.001
575,Kirlia,0.00000,14,0.002,11,0.002
576,Mime-Jr.,0.00000,18,0.003,11,0.002
577,Abra,0.00000,50,0.009,43,0.009
578,Mudkip,0.00000,33,0.006,29,0.006
579,Brionne,0.00000,11,0.002,7,0.002
580,Pikachu-Unova,0.00000,22,0.004,18,0.004
581,Sandile,0.00000,16,0.003,10,0.002
582,Grimer-Alola,0.00000,34,0.006,33,0.007
583,Geodude,0.00000,41,0.007,31,0.007
584,Oricorio-Pa'u,0.00000,5,0.001,4,0.001
585,Tirtouga,0.00000,19,0.003,16,0.003
586,Flaaffy,0.00000,13,0.002,11,0.002
587,Foongus,0.00000,19,0.003,16,0.003
588,Litten,0.00000,6,0.001,6,0.001
589,Phione,0.00000,14,0.002,12,0.003
590,Jigglypuff,0.00000,50,0.009,41,0.009
591,Phanpy,0.00000,28,0.005,28,0.006
592,Phantump,0.00000,13,0.002,10,0.002
593,Koffing,0.00000,31,0.005,25,0.005
594,Sandshrew-Alola,0.00000,19,0.003,19,0.004
595,Shinx,0.00000,19,0.003,15,0.003
596,Scraggy,0.00000,8,0.001,8,0.002
597,Pawniard,0.00000,16,0.003,15,0.003
598,Cubone,0.00000,25,0.004,20,0.004
599,Yamask,0.00000,14,0.002,9,0.002
600,Skorupi,0.00000,21,0.004,14,0.003
601,Shroomish,0.00000,6,0.001,4,0.001
602,Weepinbell,0.00000,14,0.002,11,0.002
603,Combee,0.00000,20,0.003,14,0.003
604,Gastly,0.00000,13,0.002,10,0.002
605,Horsea,0.00000,7,0.001,6,0.001
606,Jangmo-o,0.00000,8,0.001,8,0.002
607,Psyduck,0.00000,20,0.003,20,0.004
608,Ponyta,0.00000,9,0.002,5,0.001
609,Bronzor,0.00000,17,0.003,16,0.003
610,Metapod,0.00000,27,0.005,21,0.005
611,Wailmer,0.00000,4,0.001,4,0.001
612,Buizel,0.00000,18,0.003,15,0.003
613,Natu,0.00000,49,0.008,41,0.009
614,Duskull,0.00000,15,0.003,12,0.003
615,Magikarp,0.00000,47,0.008,40,0.009
616,Chimchar,0.00000,33,0.006,30,0.007
617,Cacnea,0.00000,4,0.001,4,0.001
618,Hoothoot,0.00000,3,0.001,2,0.000
619,Trubbish,0.00000,13,0.002,8,0.002
620,Pumpkaboo-Super,0.00000,7,0.001,6,0.001
621,Numel,0.00000,10,0.002,9,0.002
622,Swablu,0.00000,7,0.001,4,0.001
623,Beldum,0.00000,3,0.001,0,0.000
624,Happiny,0.00000,4,0.001,2,0.000
625,Litwick,0.00000,6,0.001,3,0.001
626,Togepi,0.00000,23,0.004,17,0.004
627,Starly,0.00000,27,0.005,21,0.005
628,Igglybuff,0.00000,19,0.003,15,0.003
629,Lombre,0.00000,10,0.002,7,0.002
630,Doduo,0.00000,8,0.001,4,0.001
631,Petilil,0.00000,13,0.002,7,0.002
632,Pikachu-Sinnoh,0.00000,12,0.002,10,0.002
633,Pikachu-Kalos,0.00000,6,0.001,5,0.001
634,Squirtle,0.00000,57,0.010,50,0.011
635,Sewaddle,0.00000,5,0.001,4,0.001
636,Oddish,0.00000,15,0.003,15,0.003
637,Pikachu-Original,0.00000,9,0.002,6,0.001
638,Klink,0.00000,9,0.002,9,0.002
639,Paras,0.00000,8,0.001,7,0.002
640,Shuppet,0.00000,5,0.001,3,0.001
641,Gulpin,0.00000,2,0.000,2,0.000
642,Trumbeak,0.00000,4,0.001,4,0.001
643,Drowzee,0.00000,13,0.002,13,0.003
644,Shieldon,0.00000,1,0.000,1,0.000
645,Snover,0.00000,19,0.003,6,0.001
646,Totodile,0.00000,35,0.006,29,0.006
647,Wurmple,0.00000,22,0.004,16,0.003
648,Fraxure,0.00000,26,0.005,16,0.003
649,Rhyhorn,0.00000,10,0.002,7,0.002
650,Cleffa,0.00000,7,0.001,4,0.001
651,Slakoth,0.00000,12,0.002,12,0.003
652,Cranidos,0.00000,13,0.002,12,0.003
653,Mienfoo,0.00000,14,0.002,11,0.002
654,Herdier,0.00000,3,0.001,2,0.000
655,Rowlet,0.00000,14,0.002,13,0.003
656,Eelektrik,0.00000,17,0.003,15,0.003
657,Anorith,0.00000,13,0.002,11,0.002
658,Goldeen,0.00000,11,0.002,10,0.002
659,Charmander,0.00000,18,0.003,16,0.003
660,Pancham,0.00000,4,0.001,4,0.001
661,Weedle,0.00000,11,0.002,3,0.001
662,Croconaw,0.00000,11,0.002,9,0.002
663,Nidorino,0.00000,7,0.001,7,0.002
664,Ducklett,0.00000,3,0.001,1,0.000
665,Sunkern,0.00000,3,0.001,3,0.001
666,Mantyke,0.00000,28,0.005,23,0.005
667,Feebas,0.00000,12,0.002,10,0.002
668,Torchic,0.00000,29,0.005,25,0.005
669,Karrablast,0.00000,12,0.002,8,0.002
670,Wynaut,0.00000,12,0.002,10,0.002
671,Gible,0.00000,3,0.001,3,0.001
672,Marowak-Alola-Totem,0.00000,11,0.002,9,0.002
673,Glameow,0.00000,5,0.001,3,0.001
674,Pikachu-Partner,0.00000,8,0.001,7,0.002
675,Diglett,0.00000,9,0.002,8,0.002
676,Hoppip,0.00000,2,0.000,2,0.000
677,Snivy,0.00000,17,0.003,13,0.003
678,Pichu,0.00000,33,0.006,27,0.006
679,Chikorita,0.00000,20,0.003,14,0.003
680,Axew,0.00000,3,0.001,3,0.001
681,Turtwig,0.00000,5,0.001,5,0.001
682,Bunnelby,0.00000,7,0.001,6,0.001
683,Larvitar,0.00000,21,0.004,19,0.004
684,Finneon,0.00000,8,0.001,3,0.001
685,Geodude-Alola,0.00000,7,0.001,6,0.001
686,Zweilous,0.00000,36,0.006,30,0.007
687,Minun,0.00000,33,0.006,23,0.005
688,Silcoon,0.00000,12,0.002,11,0.002
689,Machop,0.00000,4,0.001,4,0.001
690,Floette,0.00000,14,0.002,10,0.002
691,Cosmoem,0.00000,10,0.002,6,0.001
692,Charmeleon,0.00000,27,0.005,22,0.005
693,Elgyem,0.00000,5,0.001,5,0.001
694,Exeggcute,0.00000,3,0.001,2,0.000
695,Fletchinder,0.00000,16,0.003,15,0.003
696,Wingull,0.00000,12,0.002,9,0.002
697,Larvesta,0.00000,6,0.001,5,0.001
698,Salazzle-Totem,0.00000,20,0.003,15,0.003
699,Zorua,0.00000,6,0.001,4,0.001
700,Wooper,0.00000,13,0.002,13,0.003
701,Budew,0.00000,4,0.001,4,0.001
702,Timburr,0.00000,4,0.001,4,0.001
703,Cyndaquil,0.00000,10,0.002,7,0.002
704,Trapinch,0.00000,8,0.001,5,0.001
705,Meditite,0.00000,43,0.007,39,0.008
706,Inkay,0.00000,10,0.002,6,0.001
707,Electrike,0.00000,5,0.001,4,0.001
708,Pansear,0.00000,6,0.001,4,0.001
709,Pikachu-Alola,0.00000,16,0.003,13,0.003
710,Helioptile,0.00000,7,0.001,6,0.001
711,Scatterbug,0.00000,2,0.000,2,0.000
712,Bounsweet,0.00000,1,0.000,0,0.000
713,Silvally-Psychic,0.00000,27,0.005,26,0.006
714,Luxio,0.00000,9,0.002,6,0.001
715,Gothorita,0.00000,30,0.005,24,0.005
716,Lillipup,0.00000,3,0.001,2,0.000
717,Krabby,0.00000,3,0.001,3,0.001
718,Espurr,0.00000,11,0.002,10,0.002
719,Pidove,0.00000,5,0.001,4,0.001
720,Ekans,0.00000,7,0.001,6,0.001
721,Spearow,0.00000,4,0.001,2,0.000
722,Palpitoad,0.00000,6,0.001,6,0.001
723,Froakie,0.00000,4,0.001,4,0.001
724,NidoranF,0.00000,7,0.001,7,0.002
725,Luvdisc,0.00000,10,0.002,6,0.001
726,Minccino,0.00000,3,0.001,3,0.001
727,Croagunk,0.00000,5,0.001,5,0.001
728,Bergmite,0.00000,9,0.002,9,0.002
729,Roggenrola,0.00000,4,0.001,4,0.001
730,Spritzee,0.00000,1,0.000,1,0.000
731,Mankey,0.00000,7,0.001,7,0.002
732,Snubbull,0.00000,1,0.000,1,0.000
733,Skrelp,0.00000,10,0.002,8,0.002
734,Rufflet,0.00000,1,0.000,1,0.000
735,Pansage,0.00000,3,0.001,3,0.001
736,Popplio,0.00000,3,0.001,2,0.000
737,Wimpod,0.00000,8,0.001,8,0.002
738,Skiploom,0.00000,1,0.000,0,0.000
739,Deino,0.00000,1,0.000,1,0.000
740,Archen,0.00000,4,0.001,3,0.001
741,Seel,0.00000,1,0.000,1,0.000
742,Vanillish,0.00000,6,0.001,6,0.001
743,Diglett-Alola,0.00000,4,0.001,4,0.001
744,Sandygast,0.00000,3,0.001,3,0.001
745,Mudbray,0.00000,5,0.001,5,0.001
746,Mareep,0.00000,10,0.002,10,0.002
747,Steenee,0.00000,5,0.001,4,0.001
748,Barboach,0.00000,1,0.000,1,0.000
749,Grubbin,0.00000,4,0.001,4,0.001
750,Houndour,0.00000,4,0.001,2,0.000
751,Tepig,0.00000,3,0.001,2,0.000
752,Cubchoo,0.00000,3,0.001,3,0.001
753,Cascoon,0.00000,3,0.001,3,0.001
754,Pidgeotto,0.00000,10,0.002,9,0.002
755,Carvanha,0.00000,4,0.001,4,0.001
756,Gothita,0.00000,6,0.001,6,0.001
757,Poochyena,0.00000,3,0.001,2,0.000
758,Kakuna,0.00000,8,0.001,7,0.002
759,Spewpa,0.00000,1,0.000,1,0.000
760,Lampent,0.00000,11,0.002,9,0.002
761,Dratini,0.00000,7,0.001,7,0.002
762,Clauncher,0.00000,3,0.001,2,0.000
763,Cosmog,0.00000,6,0.001,4,0.001
764,Tympole,0.00000,1,0.000,1,0.000
765,Stufful,0.00000,6,0.001,5,0.001
766,Kricketot,0.00000,1,0.000,1,0.000
767,Panpour,0.00000,3,0.001,3,0.001
768,Smoochum,0.00000,7,0.001,2,0.000
769,Teddiursa,0.00000,2,0.000,2,0.000
770,Drifloon,0.00000,8,0.001,7,0.002
771,Dwebble,0.00000,5,0.001,5,0.001
772,Nincada,0.00000,1,0.000,1,0.000
773,Kabuto,0.00000,3,0.001,3,0.001
774,Lotad,0.00000,1,0.000,1,0.000
775,Honedge,0.00000,1,0.000,1,0.000
776,Sentret,0.00000,1,0.000,1,0.000
777,Grimer,0.00000,3,0.001,3,0.001
778,Bagon,0.00000,1,0.000,1,0.000
779,Loudred,0.00000,4,0.001,3,0.001
780,Purrloin,0.00000,4,0.001,3,0.001
781,Pikipek,0.00000,1,0.000,1,0.000
782,Vullaby,0.00000,2,0.000,2,0.000
783,Yungoos,0.00000,1,0.000,1,0.000
784,Vibrava,0.00000,2,0.000,1,0.000
785,Litleo,0.00000,1,0.000,1,0.000
786,Tyrunt,0.00000,1,0.000,1,0.000
787,Poliwag,0.00000,6,0.001,4,0.001
788,Elekid,0.00000,7,0.001,5,0.001
789,Deerling,0.00000,1,0.000,1,0.000
790,Tynamo,0.00000,1,0.000,1,0.000
791,Amaura,0.00000,2,0.000,2,0.000
792,Fennekin,0.00000,1,0.000,1,0.000
793,Slugma,0.00000,4,0.001,2,0.000
794,Whismur,0.00000,1,0.000,1,0.000
795,Patrat,0.00000,3,0.001,3,0.001
796,Nuzleaf,0.00000,8,0.001,6,0.001
797,Ledyba,0.00000,1,0.000,0,0.000
