Rank,Pokemon,Usage %,Raw,Raw %,Real,Real %
1,Tyranitar,35.95032,1251,13.738,999,14.339
2,Landorus-Therian,35.48578,1181,12.969,960,13.780
3,Politoed,31.10740,1624,17.834,1480,21.244
4,Garchomp,30.10258,1675,18.394,1177,16.894
5,Latios,29.91402,1207,13.255,880,12.631
6,Jirachi,26.86414,937,10.290,733,10.521
7,Ferrothorn,23.28315,2211,24.281,1890,27.129
8,Skarmory,21.32002,805,8.840,677,9.717
9,Scizor,18.29362,1824,20.031,1424,20.440
10,Starmie,17.81019,1136,12.475,846,12.143
11,Keldeo,17.07891,901,9.895,662,9.502
12,Tentacruel,15.01455,720,7.907,562,8.067
13,Dragonite,14.59016,1352,14.847,1009,14.483
14,Jellicent,13.47361,784,8.610,572,8.210
15,Rotom-Wash,13.33289,946,10.389,772,11.081
16,Breloom,12.77206,1039,11.410,795,11.411
17,Amoonguss,12.09978,297,3.262,245,3.517
18,Heatran,11.85556,814,8.939,655,9.402
19,Latias,11.72662,290,3.185,227,3.258
20,Excadrill,11.61002,718,7.885,542,7.780
21,Alakazam,11.47534,1048,11.509,740,10.622
22,Magnezone,10.32590,613,6.732,476,6.832
23,Celebi,9.08921,345,3.789,262,3.761
24,Kyurem-Black,8.62338,575,6.315,402,5.770
25,Toxicroak,7.29360,440,4.832,323,4.636
26,Donphan,7.22106,336,3.690,270,3.876
27,Thundurus-Therian,6.62495,741,8.137,557,7.995
28,Terrakion,6.10087,397,4.360,267,3.832
29,Chansey,5.90153,459,5.041,345,4.952
30,Tangrowth,5.78518,121,1.329,102,1.464
31,Gliscor,5.72181,802,8.807,594,8.526
32,Ludicolo,5.45932,107,1.175,82,1.177
33,Mew,5.23036,179,1.966,138,1.981
34,Volcarona,4.90192,977,10.729,689,9.890
35,Reuniclus,4.84858,351,3.855,246,3.531
36,Hydreigon,4.78748,851,9.345,631,9.057
37,Forretress,4.78000,446,4.898,388,5.569
38,Abomasnow,4.57134,244,2.680,206,2.957
39,Mamoswine,4.12952,525,5.765,397,5.698
40,Tornadus,4.03175,312,3.426,227,3.258
41,Salamence,3.91054,601,6.600,418,6.000
42,Kyurem,3.82953,112,1.230,74,1.062
43,Gyarados,3.21542,796,8.741,569,8.167
44,Slowbro,2.92123,151,1.658,118,1.694
45,Slowking,2.84731,66,0.725,48,0.689
46,Gengar,2.73471,755,8.291,551,7.909
47,Bronzong,2.72173,202,2.218,166,2.383
48,Nidoqueen,2.68447,35,0.384,33,0.474
49,Shaymin,2.64390,27,0.297,23,0.330
50,Conkeldurr,2.52168,498,5.469,385,5.526
51,Dugtrio,2.00490,377,4.140,255,3.660
52,Mienshao,1.91899,306,3.360,250,3.588
53,Gastrodon,1.75676,277,3.042,218,3.129
54,Metagross,1.67152,340,3.734,244,3.502
55,Virizion,1.63168,64,0.703,61,0.876
56,Sharpedo,1.58298,60,0.659,45,0.646
57,Aerodactyl,1.47305,123,1.351,110,1.579
58,Vaporeon,1.42612,420,4.612,328,4.708
59,Xatu,1.41578,108,1.186,81,1.163
60,Weavile,1.30802,197,2.163,150,2.153
61,Cofagrigus,1.22793,204,2.240,166,2.383
62,Blissey,1.17646,298,3.273,219,3.143
63,Hippowdon,1.16719,541,5.941,483,6.933
64,Chandelure,1.16197,412,4.524,291,4.177
65,Zapdos,1.14755,151,1.658,122,1.751
66,Mandibuzz,1.06963,52,0.571,43,0.617
67,Froslass,1.02099,121,1.329,98,1.407
68,Suicune,0.90894,77,0.846,55,0.789
69,Jolteon,0.86906,656,7.204,493,7.076
70,Staraptor,0.85022,169,1.856,122,1.751
71,Azelf,0.84211,63,0.692,57,0.818
72,Haxorus,0.74567,432,4.744,317,4.550
73,Espeon,0.57865,475,5.216,354,5.081
74,Machamp,0.57298,209,2.295,171,2.454
75,Crobat,0.55412,210,2.306,162,2.325
76,Gothitelle,0.51414,128,1.406,98,1.407
77,Ninetales,0.51226,350,3.844,313,4.493
78,Lucario,0.47803,417,4.579,307,4.407
79,Quagsire,0.41670,61,0.670,42,0.603
80,Cloyster,0.38366,733,8.050,554,7.952
81,Parasect,0.34222,6,0.066,5,0.072
82,Kingdra,0.33127,191,2.098,158,2.268
83,Sableye,0.31670,177,1.944,143,2.053
84,Cresselia,0.31351,149,1.636,111,1.593
85,Milotic,0.29314,205,2.251,165,2.368
86,Roserade,0.28422,106,1.164,86,1.234
87,Porygon2,0.22929,168,1.845,124,1.780
88,Infernape,0.21817,507,5.568,396,5.684
89,Victini,0.19997,127,1.395,106,1.521
90,Slaking,0.19983,24,0.264,20,0.287
91,Empoleon,0.17888,46,0.505,35,0.502
92,Entei,0.16165,70,0.769,54,0.775
93,Feraligatr,0.14739,53,0.582,48,0.689
94,Heracross,0.14347,167,1.834,124,1.780
95,Arcanine,0.13927,212,2.328,149,2.139
96,Darmanitan,0.13229,197,2.163,165,2.368
97,Moltres,0.12594,72,0.791,55,0.789
98,Alomomola,0.12241,23,0.253,21,0.301
99,Swampert,0.12101,188,2.065,147,2.110
100,Armaldo,0.11909,32,0.351,25,0.359
101,Raikou,0.11873,109,1.197,81,1.163
102,Bisharp,0.11466,142,1.559,108,1.550
103,Rhydon,0.11205,32,0.351,24,0.344
104,Sceptile,0.11200,110,1.208,86,1.234
105,Wobbuffet,0.11157,68,0.747,51,0.732
106,Pelipper,0.10627,5,0.055,3,0.043
107,Ditto,0.09640,39,0.428,29,0.416
108,Azumarill,0.09535,61,0.670,36,0.517
109,Ninjask,0.07898,41,0.450,36,0.517
110,Mismagius,0.07684,45,0.494,41,0.589
111,Arbok,0.07616,30,0.329,24,0.344
112,Liepard,0.07614,21,0.231,12,0.172
113,Magneton,0.07238,8,0.088,8,0.115
114,Scrafty,0.06857,142,1.559,111,1.593
115,Rhyperior,0.06724,38,0.417,26,0.373
116,Krookodile,0.06518,231,2.537,173,2.483
117,Typhlosion,0.06456,174,1.911,124,1.780
118,Rampardos,0.06225,39,0.428,31,0.445
119,Lapras,0.05947,124,1.362,99,1.421
120,Cradily,0.05227,39,0.428,34,0.488
121,Blastoise,0.05143,201,2.207,160,2.297
122,Whimsicott,0.05102,36,0.395,32,0.459
123,Weezing,0.05070,44,0.483,34,0.488
124,Dusknoir,0.05036,29,0.318,26,0.373
125,Venusaur,0.04722,244,2.680,193,2.770
126,Hitmontop,0.04598,106,1.164,86,1.234
127,Snorlax,0.04535,279,3.064,211,3.029
128,Kabutops,0.03848,26,0.286,20,0.287
129,Sigilyph,0.03832,70,0.769,49,0.703
130,Charizard,0.03623,281,3.086,213,3.057
131,Nidoking,0.03586,141,1.548,111,1.593
132,Walrein,0.03498,35,0.384,28,0.402
133,Cinccino,0.03332,93,1.021,69,0.990
134,Togekiss,0.02849,159,1.746,126,1.809
135,Garbodor,0.02753,11,0.121,9,0.129
136,Flygon,0.02678,84,0.922,61,0.876
137,Rotom,0.02566,6,0.066,6,0.086
138,Umbreon,0.02375,164,1.801,102,1.464
139,Archeops,0.02340,106,1.164,75,1.077
140,Aron,0.01961,31,0.340,19,0.273
141,Dusclops,0.01861,120,1.318,80,1.148
142,Swoobat,0.01811,28,0.307,21,0.301
143,Zoroark,0.01697,122,1.340,67,0.962
144,Shiftry,0.01541,2,0.022,2,0.029
145,Victreebel,0.01510,20,0.220,15,0.215
146,Muk,0.01509,21,0.231,19,0.273
147,Golbat,0.01509,12,0.132,10,0.144
148,Pikachu,0.01504,108,1.186,93,1.335
149,Riolu,0.01477,90,0.988,67,0.962
150,Durant,0.01435,49,0.538,40,0.574
151,Emolga,0.01379,22,0.242,18,0.258
152,Stoutland,0.01359,29,0.318,22,0.316
153,Primeape,0.01345,43,0.472,32,0.459
154,Uxie,0.01218,3,0.033,3,0.043
155,Electivire,0.01195,72,0.791,58,0.833
156,Serperior,0.01061,128,1.406,103,1.478
157,Swanna,0.00968,38,0.417,31,0.445
158,Lanturn,0.00945,63,0.692,45,0.646
159,Vanilluxe,0.00945,17,0.187,11,0.158
160,Zangoose,0.00916,33,0.362,27,0.388
161,Misdreavus,0.00911,1,0.011,1,0.014
162,Golduck,0.00903,15,0.165,14,0.201
163,Articuno,0.00901,83,0.911,49,0.703
164,Accelgor,0.00831,26,0.286,21,0.301
165,Jynx,0.00751,71,0.780,60,0.861
166,Spiritomb,0.00712,98,1.076,78,1.120
167,Exeggutor,0.00621,24,0.264,18,0.258
168,Tangela,0.00604,23,0.253,20,0.287
169,Honchkrow,0.00558,48,0.527,32,0.459
170,Porygon-Z,0.00546,103,1.131,77,1.105
171,Golurk,0.00536,30,0.329,21,0.301
172,Swellow,0.00527,36,0.395,31,0.445
173,Altaria,0.00481,14,0.154,12,0.172
174,Clefable,0.00465,15,0.165,12,0.172
175,Steelix,0.00419,46,0.505,44,0.632
176,Claydol,0.00411,60,0.659,50,0.718
177,Throh,0.00390,6,0.066,3,0.043
178,Gallade,0.00366,43,0.472,34,0.488
179,Rotom-Heat,0.00351,59,0.648,43,0.617
180,Emboar,0.00340,104,1.142,88,1.263
181,Marowak,0.00336,9,0.099,7,0.100
182,Sawsbuck,0.00331,29,0.318,25,0.359
183,Registeel,0.00322,23,0.253,19,0.273
184,Torterra,0.00265,33,0.362,24,0.344
185,Golem,0.00240,65,0.714,61,0.876
186,Houndoom,0.00218,69,0.758,58,0.833
187,Drapion,0.00209,37,0.406,27,0.388
188,Cobalion,0.00200,36,0.395,30,0.431
189,Manectric,0.00194,17,0.187,13,0.187
190,Ursaring,0.00161,40,0.439,30,0.431
191,Miltank,0.00131,32,0.351,26,0.373
192,Zebstrika,0.00127,41,0.450,32,0.459
193,Crustle,0.00117,31,0.340,23,0.330
194,Eelektross,0.00110,79,0.868,60,0.861
195,Raichu,0.00107,29,0.318,27,0.388
196,Scolipede,0.00107,80,0.879,54,0.775
197,Jumpluff,0.00106,57,0.626,43,0.617
198,Aggron,0.00101,129,1.417,92,1.321
199,Poliwrath,0.00095,44,0.483,31,0.445
200,Smeargle,0.00094,76,0.835,64,0.919
201,Venomoth,0.00088,11,0.121,11,0.158
202,Volbeat,0.00067,7,0.077,4,0.057
203,Porygon,0.00066,1,0.011,0,0.000
204,Rotom-Frost,0.00065,16,0.176,16,0.230
205,Hitmonchan,0.00063,58,0.637,52,0.746
206,Wailord,0.00056,3,0.033,3,0.043
207,Ampharos,0.00055,74,0.813,53,0.761
208,Samurott,0.00055,166,1.823,138,1.981
209,Meloetta,0.00054,27,0.297,12,0.172
210,Galvantula,0.00054,44,0.483,31,0.445
211,Electrode,0.00049,11,0.121,11,0.158
212,Carracosta,0.00049,53,0.582,40,0.574
213,Bouffalant,0.00044,25,0.275,20,0.287
214,Shedinja,0.00044,15,0.165,13,0.187
215,Phione,0.00040,4,0.044,4,0.057
216,Torkoal,0.00039,6,0.066,6,0.086
217,Luxray,0.00038,53,0.582,38,0.545
218,Lilligant,0.00036,38,0.417,32,0.459
219,Gorebyss,0.00031,13,0.143,9,0.129
220,Leafeon,0.00031,38,0.417,28,0.402
221,Marshtomp,0.00029,6,0.066,6,0.086
222,Absol,0.00028,38,0.417,28,0.402
223,Lopunny,0.00024,9,0.099,4,0.057
224,Seismitoad,0.00022,34,0.373,26,0.373
225,Unfezant,0.00020,47,0.516,31,0.445
226,Drifblim,0.00019,13,0.143,9,0.129
227,Piloswine,0.00019,12,0.132,11,0.158
228,Electabuzz,0.00017,11,0.121,11,0.158
229,Crawdaunt,0.00012,25,0.275,21,0.301
230,Doduo,0.00012,9,0.099,5,0.072
231,Rattata,0.00012,35,0.384,26,0.373
232,Treecko,0.00012,4,0.044,1,0.014
233,Taillow,0.00012,7,0.077,0,0.000
234,Starly,0.00012,5,0.055,0,0.000
235,Medicham,0.00011,25,0.275,23,0.330
236,Druddigon,0.00010,50,0.549,39,0.560
237,Escavalier,0.00010,24,0.264,19,0.273
238,Gardevoir,0.00008,57,0.626,45,0.646
239,Cryogonal,0.00008,30,0.329,25,0.359
240,Glaceon,0.00007,24,0.264,12,0.172
241,Magmortar,0.00006,33,0.362,28,0.402
242,Ambipom,0.00006,37,0.406,33,0.474
243,Cacturne,0.00006,13,0.143,13,0.187
244,Floatzel,0.00006,31,0.340,26,0.373
245,Boldore,0.00006,5,0.055,3,0.043
246,Bastiodon,0.00004,22,0.242,16,0.230
247,Mantine,0.00004,7,0.077,7,0.100
248,Meganium,0.00004,2,0.022,1,0.014
249,Klinklang,0.00003,17,0.187,13,0.187
250,Regirock,0.00003,6,0.066,4,0.057
251,Lileep,0.00003,2,0.022,2,0.029
252,Braviary,0.00003,37,0.406,24,0.344
253,Noctowl,0.00003,11,0.121,8,0.115
254,Mawile,0.00003,9,0.099,8,0.115
255,Ariados,0.00003,12,0.132,12,0.172
256,Sneasel,0.00003,3,0.033,2,0.029
257,Tropius,0.00001,7,0.077,6,0.086
258,Hippopotas,0.00001,8,0.088,8,0.115
259,Kecleon,0.00001,2,0.022,2,0.029
260,Chatot,0.00001,2,0.022,1,0.014
261,Rotom-Mow,0.00000,9,0.099,7,0.100
262,Mr. Mime,0.00000,6,0.066,4,0.057
263,Bellossom,0.00000,7,0.077,7,0.100
264,Pinsir,0.00000,3,0.033,3,0.043
265,Solrock,0.00000,9,0.099,7,0.100
266,Vileplume,0.00000,19,0.209,16,0.230
267,Cherubi,0.00000,1,0.011,1,0.014
268,Grumpig,0.00000,1,0.011,1,0.014
269,Exeggcute,0.00000,1,0.011,1,0.014
270,Gigalith,0.00000,36,0.395,21,0.301
271,Omastar,0.00000,21,0.231,19,0.273
272,Buneary,0.00000,1,0.011,1,0.014
273,Pachirisu,0.00000,1,0.011,1,0.014
274,Piplup,0.00000,1,0.011,1,0.014
275,Yanmega,0.00000,26,0.286,13,0.187
276,Lunatone,0.00000,1,0.011,1,0.014
277,Gothorita,0.00000,6,0.066,5,0.072
278,Diglett,0.00000,4,0.044,2,0.029
279,Magnemite,0.00000,14,0.154,6,0.086
280,Scyther,0.00000,22,0.242,17,0.244
281,Hariyama,0.00000,9,0.099,7,0.100
282,Seaking,0.00000,5,0.055,2,0.029
283,Audino,0.00000,4,0.044,4,0.057
284,Ferroseed,0.00000,1,0.011,1,0.014
285,Murkrow,0.00000,3,0.033,2,0.029
286,Pidgeot,0.00000,10,0.110,6,0.086
287,Camerupt,0.00000,5,0.055,5,0.072
288,Regigigas,0.00000,5,0.055,5,0.072
289,Regice,0.00000,9,0.099,7,0.100
290,Mankey,0.00000,5,0.055,3,0.043
291,Hitmonlee,0.00000,67,0.736,54,0.775
292,Probopass,0.00000,6,0.066,4,0.057
293,Duosion,0.00000,1,0.011,0,0.000
294,Eevee,0.00000,8,0.088,5,0.072
295,Butterfree,0.00000,1,0.011,1,0.014
296,Azurill,0.00000,1,0.011,0,0.000
297,Linoone,0.00000,1,0.011,0,0.000
298,Cleffa,0.00000,4,0.044,1,0.014
299,Raticate,0.00000,3,0.033,3,0.043
300,Snubbull,0.00000,3,0.033,1,0.014
301,Ledian,0.00000,8,0.088,6,0.086
302,Eelektrik,0.00000,5,0.055,4,0.057
303,Pansear,0.00000,2,0.022,1,0.014
304,Pansage,0.00000,2,0.022,1,0.014
305,Skuntank,0.00000,2,0.022,2,0.029
306,Bibarel,0.00000,2,0.022,2,0.029
307,Squirtle,0.00000,3,0.033,2,0.029
308,Whirlipede,0.00000,1,0.011,1,0.014
309,Mime Jr.,0.00000,1,0.011,1,0.014
310,Zubat,0.00000,1,0.011,1,0.014
311,Charmander,0.00000,1,0.011,0,0.000
312,Aipom,0.00000,1,0.011,0,0.000
313,Yanma,0.00000,1,0.011,0,0.000
314,Simipour,0.00000,4,0.044,4,0.057
315,Lickilicky,0.00000,9,0.099,9,0.129
316,Dodrio,0.00000,1,0.011,0,0.000
317,Leavanny,0.00000,21,0.231,14,0.201
318,Octillery,0.00000,2,0.022,1,0.014
319,Scraggy,0.00000,5,0.055,5,0.072
320,Qwilfish,0.00000,6,0.066,4,0.057
321,Sudowoodo,0.00000,2,0.022,2,0.029
322,Glalie,0.00000,4,0.044,3,0.043
323,Purrloin,0.00000,2,0.022,1,0.014
324,Gligar,0.00000,7,0.077,5,0.072
325,Grovyle,0.00000,5,0.055,3,0.043
326,Minun,0.00000,1,0.011,1,0.014
327,Budew,0.00000,1,0.011,1,0.014
328,Delibird,0.00000,1,0.011,1,0.014
329,Mesprit,0.00000,3,0.033,0,0.000
330,Tepig,0.00000,3,0.033,2,0.029
331,Bulbasaur,0.00000,1,0.011,1,0.014
332,Abra,0.00000,1,0.011,1,0.014
333,Wartortle,0.00000,1,0.011,1,0.014
334,Pignite,0.00000,6,0.066,4,0.057
335,Magikarp,0.00000,1,0.011,1,0.014
336,Girafarig,0.00000,1,0.011,1,0.014
337,Granbull,0.00000,7,0.077,6,0.086
338,Nosepass,0.00000,2,0.022,1,0.014
339,Chikorita,0.00000,1,0.011,1,0.014
340,Togetic,0.00000,2,0.022,2,0.029
341,Duskull,0.00000,1,0.011,1,0.014
342,Metapod,0.00000,1,0.011,1,0.014
343,Watchog,0.00000,3,0.033,3,0.043
344,Quilava,0.00000,1,0.011,1,0.014
345,Ivysaur,0.00000,1,0.011,1,0.014
346,Magcargo,0.00000,2,0.022,2,0.029
347,Whiscash,0.00000,2,0.022,2,0.029
348,Onix,0.00000,8,0.088,8,0.115
349,Dustox,0.00000,2,0.022,1,0.014
350,Pichu,0.00000,2,0.022,2,0.029
351,Furret,0.00000,6,0.066,5,0.072
352,Shuckle,0.00000,16,0.176,12,0.172
353,Kakuna,0.00000,1,0.011,1,0.014
354,Cyndaquil,0.00000,1,0.011,1,0.014
355,Staravia,0.00000,1,0.011,1,0.014
356,Beheeyem,0.00000,6,0.066,6,0.086
357,Dunsparce,0.00000,1,0.011,1,0.014
358,Simisage,0.00000,9,0.099,7,0.100
359,Sunflora,0.00000,5,0.055,3,0.043
360,Purugly,0.00000,1,0.011,0,0.000
361,Beedrill,0.00000,4,0.044,3,0.043
362,Musharna,0.00000,5,0.055,3,0.043
363,Heatmor,0.00000,1,0.011,1,0.014
364,Farfetch'd,0.00000,1,0.011,1,0.014
365,Skorupi,0.00000,1,0.011,1,0.014
366,Pineco,0.00000,1,0.011,1,0.014
367,Bonsly,0.00000,1,0.011,1,0.014
368,Banette,0.00000,5,0.055,4,0.057
369,Kangaskhan,0.00000,6,0.066,6,0.086
370,Tauros,0.00000,7,0.077,6,0.086
371,Slugma,0.00000,1,0.011,1,0.014
372,Relicanth,0.00000,4,0.044,3,0.043
373,Flaaffy,0.00000,2,0.022,2,0.029
374,Voltorb,0.00000,1,0.011,1,0.014
375,Panpour,0.00000,2,0.022,1,0.014
376,Cottonee,0.00000,2,0.022,1,0.014
377,Gastly,0.00000,1,0.011,0,0.000
378,Hypno,0.00000,3,0.033,1,0.014
379,Machoke,0.00000,1,0.011,1,0.014
380,Tranquill,0.00000,2,0.022,2,0.029
381,Solosis,0.00000,1,0.011,1,0.014
382,Sawk,0.00000,12,0.132,10,0.144
383,Chimchar,0.00000,1,0.011,1,0.014
384,Seviper,0.00000,5,0.055,5,0.072
385,Dwebble,0.00000,1,0.011,1,0.014
386,Persian,0.00000,2,0.022,2,0.029
387,Karrablast,0.00000,1,0.011,1,0.014
388,Flareon,0.00000,23,0.253,20,0.287
389,Snover,0.00000,1,0.011,1,0.014
390,Zigzagoon,0.00000,1,0.011,1,0.014
391,Servine,0.00000,1,0.011,1,0.014
392,Delcatty,0.00000,2,0.022,0,0.000
393,Mightyena,0.00000,2,0.022,2,0.029
394,Dragonair,0.00000,1,0.011,1,0.014
395,Dewott,0.00000,5,0.055,5,0.072
396,Charmeleon,0.00000,2,0.022,2,0.029
397,Oshawott,0.00000,10,0.110,7,0.100
398,Beartic,0.00000,2,0.022,1,0.014
399,Croconaw,0.00000,1,0.011,1,0.014
400,Graveler,0.00000,2,0.022,1,0.014
401,Happiny,0.00000,1,0.011,1,0.014
402,Meowth,0.00000,2,0.022,2,0.029
403,Herdier,0.00000,1,0.011,1,0.014
404,Monferno,0.00000,5,0.055,5,0.072
405,Joltik,0.00000,2,0.022,2,0.029
406,Drowzee,0.00000,1,0.011,1,0.014
407,Wormadam,0.00000,1,0.011,1,0.014
408,Shelmet,0.00000,1,0.011,1,0.014
409,Pidgey,0.00000,1,0.011,1,0.014
410,Haunter,0.00000,2,0.022,2,0.029
411,Simisear,0.00000,5,0.055,4,0.057
412,Stunfisk,0.00000,5,0.055,5,0.072
413,Combusken,0.00000,2,0.022,2,0.029
414,Castform,0.00000,2,0.022,2,0.029
415,Kingler,0.00000,5,0.055,3,0.043
416,Rapidash,0.00000,6,0.066,6,0.086
417,Wormadam-Trash,0.00000,2,0.022,2,0.029
418,Carnivine,0.00000,1,0.011,0,0.000
419,Bidoof,0.00000,2,0.022,2,0.029
420,Snivy,0.00000,8,0.088,6,0.086
421,Caterpie,0.00000,2,0.022,2,0.029
422,Dewgong,0.00000,2,0.022,1,0.014
